5,0.1,1.5
5,0.106,1.5
5,0.112,1.5
5,0.118,1.5
5,0.124,1.5
5,0.13,1.5
5,0.136,1.5
5,0.142,1.5
5,0.14801,1.5
5,0.15401,1.5
5,0.16001,1.5
5,0.16601,1.5
5,0.17201,1.5
5,0.17801,1.5
5,0.18401,1.5
5,0.19001,1.5
5,0.19601,1.5
5,0.20201,1.5
5,0.20801,1.5
5,0.21401,1.5
5,0.22001,1.5
5,0.22601,1.5
5,0.23201,1.5
5,0.23801,1.5
5,0.24402,1.5
5,0.25002,1.5
5,0.25602,1.5
5,0.26202,1.5
5,0.26802,1.5
5,0.27402,1.5
5,0.28002,1.5
5,0.28602,1.5
5,0.29202,1.5
5,0.29802,1.5
5,0.30402,1.5
5,0.31002,1.5
5,0.31602,1.5
5,0.32202,1.5
5,0.32802,1.5
5,0.33402,1.5
5,0.34003,1.5
5,0.34603,1.5
5,0.35203,1.5
5,0.35803,1.5
5,0.36403,1.5
5,0.37003,1.5
5,0.37603,1.5
5,0.38203,1.5
5,0.38803,1.5
5,0.39403,1.5
5,0.40003,1.5
5,0.40603,1.5
5,0.41203,1.5
5,0.41803,1.5
5,0.42403,1.5
5,0.43004,1.5
5,0.43604,1.5
5,0.44204,1.5
5,0.44804,1.5
5,0.45404,1.5
5,0.46004,1.5
5,0.46604,1.5
5,0.47204,1.5
5,0.47804,1.5
5,0.48404,1.5
5,0.49004,1.5
5,0.49604,1.5
5,0.50204,1.5
5,0.50804,1.5
5,0.51404,1.5
5,0.52004,1.5
5,0.52605,1.5
5,0.53205,1.5
5,0.53805,1.5
5,0.54405,1.5
5,0.55005,1.5
5,0.55605,1.5
5,0.56205,1.5
5,0.56805,1.5
5,0.57405,1.5
5,0.58005,1.5
5,0.58605,1.5
5,0.59205,1.5
5,0.59805,1.5
5,0.60405,1.5
5,0.61005,1.5
5,0.61605,1.5
5,0.62206,1.5
5,0.62806,1.5
5,0.63406,1.5
5,0.64006,1.5
5,0.64606,1.5
5,0.65206,1.5
5,0.65806,1.5
5,0.66406,1.5
5,0.67006,1.5
5,0.67606,1.5
5,0.68206,1.5
5,0.68806,1.5
5,0.69406,1.5
5,0.70006,1.5
5,0.70606,1.5
5,0.71207,1.5
5,0.71807,1.5
5,0.72407,1.5
5,0.73007,1.5
5,0.73607,1.5
5,0.74207,1.5
5,0.74807,1.5
5,0.75407,1.5
5,0.76007,1.5
5,0.76607,1.5
5,0.77207,1.5
5,0.77807,1.5
5,0.78407,1.5
5,0.79007,1.5
5,0.79607,1.5
5,0.80207,1.5
5,0.80808,1.5
5,0.81408,1.5
5,0.82008,1.5
5,0.82608,1.5
5,0.83208,1.5
5,0.83808,1.5
5,0.84408,1.5
5,0.85008,1.5
5,0.85608,1.5
5,0.86208,1.5
5,0.86808,1.5
5,0.87408,1.5
5,0.88008,1.5
5,0.88608,1.5
5,0.89208,1.5
5,0.89808,1.5
5,0.90409,1.5
5,0.91009,1.5
5,0.91609,1.5
5,0.92209,1.5
5,0.92809,1.5
5,0.93409,1.5
5,0.94009,1.5
5,0.94609,1.5
5,0.95209,1.5
5,0.95809,1.5
5,0.96409,1.5
5,0.97009,1.5
5,0.97609,1.5
5,0.98209,1.5
5,0.98809,1.5
5,0.9941,1.5
5,1.0001,1.5
5,1.0061,1.5
5,1.0121,1.5
5,1.0181,1.5
5,1.0241,1.5
5,1.0301,1.5
5,1.0361,1.5
5,1.0421,1.5
5,1.0481,1.5
5,1.0541,1.5
5,1.0601,1.5
5,1.0661,1.5
5,1.0721,1.5
5,1.0781,1.5
5,1.0841,1.5
5,1.0901,1.5
5,1.0961,1.5
5,1.1021,1.5
5,1.1081,1.5
5,1.1141,1.5
5,1.1201,1.5
5,1.1261,1.5
5,1.1321,1.5
5,1.1381,1.5
5,1.1441,1.5
5,1.1501,1.5
5,1.1561,1.5
5,1.1621,1.5
5,1.1681,1.5
5,1.1741,1.5
5,1.1801,1.5
5,1.1861,1.5
5,1.1921,1.5
5,1.1981,1.5
5,1.2041,1.5
5,1.2101,1.5
5,1.2161,1.5
5,1.2221,1.5
5,1.2281,1.5
5,1.2341,1.5
5,1.2401,1.5
5,1.2461,1.5
5,1.2521,1.5
5,1.2581,1.5
5,1.2641,1.5
5,1.2701,1.5
5,1.2761,1.5
5,1.2821,1.5
5,1.2881,1.5
5,1.2941,1.5
5,1.3001,1.5
5,1.3061,1.5
5,1.3121,1.5
5,1.3181,1.5
5,1.3241,1.5
5,1.3301,1.5
5,1.3361,1.5
5,1.3421,1.5
5,1.3481,1.5
5,1.3541,1.5
5,1.3601,1.5
5,1.3661,1.5
5,1.3721,1.5
5,1.3781,1.5
5,1.3841,1.5
5,1.3901,1.5
5,1.3961,1.5
5,1.4021,1.5
5,1.4081,1.5
5,1.4141,1.5
5,1.4201,1.5
5,1.4261,1.5
5,1.4321,1.5
5,1.4381,1.5
5,1.4441,1.5
5,1.4501,1.5
5,1.4561,1.5
5,1.4621,1.5
5,1.4681,1.5
5,1.4741,1.5
5,1.4801,1.5
5,1.4861,1.5
5,1.4921,1.5
5,1.4981,1.5
5,1.5041,1.5
5,1.5102,1.5
5,1.5162,1.5
5,1.5222,1.5
5,1.5282,1.5
5,1.5342,1.5
5,1.5402,1.5
5,1.5462,1.5
5,1.5522,1.5
5,1.5582,1.5
5,1.5642,1.5
5,1.5702,1.5
5,1.5762,1.5
5,1.5822,1.5
5,1.5882,1.5
5,1.5942,1.5
5,1.6002,1.5
5,1.6062,1.5
5,1.6122,1.5
5,1.6182,1.5
5,1.6242,1.5
5,1.6302,1.5
5,1.6362,1.5
5,1.6422,1.5
5,1.6482,1.5
5,1.6542,1.5
5,1.6602,1.5
5,1.6662,1.5
5,1.6722,1.5
5,1.6782,1.5
5,1.6842,1.5
5,1.6902,1.5
5,1.6962,1.5
5,1.7022,1.5
5,1.7082,1.5
5,1.7142,1.5
5,1.7202,1.5
5,1.7262,1.5
5,1.7322,1.5
5,1.7382,1.5
5,1.7442,1.5
5,1.7502,1.5
5,1.7562,1.5
5,1.7622,1.5
5,1.7682,1.5
5,1.7742,1.5
5,1.7802,1.5
5,1.7862,1.5
5,1.7922,1.5
5,1.7982,1.5
5,1.8042,1.5
5,1.8102,1.5
5,1.8162,1.5
5,1.8222,1.5
5,1.8282,1.5
5,1.8342,1.5
5,1.8402,1.5
5,1.8462,1.5
5,1.8522,1.5
5,1.8582,1.5
5,1.8642,1.5
5,1.8702,1.5
5,1.8762,1.5
5,1.8822,1.5
5,1.8882,1.5
5,1.8942,1.5
5,1.9002,1.5
5,1.9062,1.5
5,1.9122,1.5
5,1.9182,1.5
5,1.9242,1.5
5,1.9302,1.5
5,1.9362,1.5
5,1.9422,1.5
5,1.9482,1.5
5,1.9542,1.5
5,1.9602,1.5
5,1.9662,1.5
5,1.9722,1.5
5,1.9782,1.5
5,1.9842,1.5
5,1.9902,1.5
5,1.9962,1.5
5,2.0022,1.5
5,2.0082,1.5
5,2.0142,1.5
5,2.0202,1.5
5,2.0262,1.5
5,2.0322,1.5
5,2.0382,1.5
5,2.0442,1.5
5,2.0502,1.5
5,2.0562,1.5
5,2.0622,1.5
5,2.0682,1.5
5,2.0742,1.5
5,2.0802,1.5
5,2.0862,1.5
5,2.0922,1.5
5,2.0982,1.5
5,2.1042,1.5
5,2.1102,1.5
5,2.1162,1.5
5,2.1222,1.5
5,2.1282,1.5
5,2.1342,1.5
5,2.1402,1.5
5,2.1462,1.5
5,2.1522,1.5
5,2.1582,1.5
5,2.1642,1.5
5,2.1702,1.5
5,2.1762,1.5
5,2.1822,1.5
5,2.1882,1.5
5,2.1942,1.5
5,2.2002,1.5
5,2.2062,1.5
5,2.2122,1.5
5,2.2182,1.5
5,2.2242,1.5
5,2.2302,1.5
5,2.2362,1.5
5,2.2422,1.5
5,2.2482,1.5
5,2.2542,1.5
5,2.2602,1.5
5,2.2662,1.5
5,2.2722,1.5
5,2.2782,1.5
5,2.2842,1.5
5,2.2902,1.5
5,2.2962,1.5
5,2.3022,1.5
5,2.3082,1.5
5,2.3142,1.5
5,2.3202,1.5
5,2.3262,1.5
5,2.3322,1.5
5,2.3382,1.5
5,2.3442,1.5
5,2.3502,1.5
5,2.3562,1.5
5,2.3622,1.5
5,2.3682,1.5
5,2.3742,1.5
5,2.3802,1.5
5,2.3862,1.5
5,2.3922,1.5
5,2.3982,1.5
5,2.4042,1.5
5,2.4102,1.5
5,2.4162,1.5
5,2.4222,1.5
5,2.4282,1.5
5,2.4342,1.5
5,2.4402,1.5
5,2.4462,1.5
5,2.4523,1.5
5,2.4583,1.5
5,2.4643,1.5
5,2.4703,1.5
5,2.4763,1.5
5,2.4823,1.5
5,2.4883,1.5
5,2.4943,1.5
5,2.5003,1.5
5,2.5063,1.5
5,2.5123,1.5
5,2.5183,1.5
5,2.5243,1.5
5,2.5303,1.5
5,2.5363,1.5
5,2.5423,1.5
5,2.5483,1.5
5,2.5543,1.5
5,2.5603,1.5
5,2.5663,1.5
5,2.5723,1.5
5,2.5783,1.5
5,2.5843,1.5
5,2.5903,1.5
5,2.5963,1.5
5,2.6023,1.5
5,2.6083,1.5
5,2.6143,1.5
5,2.6203,1.5
5,2.6263,1.5
5,2.6323,1.5
5,2.6383,1.5
5,2.6443,1.5
5,2.6503,1.5
5,2.6563,1.5
5,2.6623,1.5
5,2.6683,1.5
5,2.6743,1.5
5,2.6803,1.5
5,2.6863,1.5
5,2.6923,1.5
5,2.6983,1.5
5,2.7043,1.5
5,2.7103,1.5
5,2.7163,1.5
5,2.7223,1.5
5,2.7283,1.5
5,2.7343,1.5
5,2.7403,1.5
5,2.7463,1.5
5,2.7523,1.5
5,2.7583,1.5
5,2.7643,1.5
5,2.7703,1.5
5,2.7763,1.5
5,2.7823,1.5
5,2.7883,1.5
5,2.7943,1.5
5,2.8003,1.5
5,2.8063,1.5
5,2.8123,1.5
5,2.8183,1.5
5,2.8243,1.5
5,2.8303,1.5
5,2.8363,1.5
5,2.8423,1.5
5,2.8483,1.5
5,2.8543,1.5
5,2.8603,1.5
5,2.8663,1.5
5,2.8723,1.5
5,2.8783,1.5
5,2.8843,1.5
5,2.8903,1.5
5,2.8963,1.5
5,2.9023,1.5
5,2.9083,1.5
5,2.9143,1.5
5,2.9203,1.5
5,2.9263,1.5
5,2.9323,1.5
5,2.9383,1.5
5,2.9443,1.5
5,2.9503,1.5
5,2.9563,1.5
5,2.9623,1.5
5,2.9683,1.5
5,2.9743,1.5
5,2.9803,1.5
5,2.9863,1.5
5,2.9923,1.5
5,2.9983,1.5
5,3.0043,1.5
5,3.0103,1.5
5,3.0163,1.5
5,3.0223,1.5
5,3.0283,1.5
5,3.0343,1.5
5,3.0403,1.5
5,3.0463,1.5
5,3.0523,1.5
5,3.0583,1.5
5,3.0643,1.5
5,3.0703,1.5
5,3.0763,1.5
5,3.0823,1.5
5,3.0883,1.5
5,3.0943,1.5
5,3.1003,1.5
5,3.1063,1.5
5,3.1123,1.5
5,3.1183,1.5
5,3.1243,1.5
5,3.1303,1.5
5,3.1363,1.5
5,3.1423,1.5
5,3.1483,1.5
5,3.1543,1.5
5,3.1603,1.5
5,3.1663,1.5
5,3.1723,1.5
5,3.1783,1.5
5,3.1843,1.5
5,3.1903,1.5
5,3.1963,1.5
5,3.2023,1.5
5,3.2083,1.5
5,3.2143,1.5
5,3.2203,1.5
5,3.2263,1.5
5,3.2323,1.5
5,3.2383,1.5
5,3.2443,1.5
5,3.2503,1.5
5,3.2563,1.5
5,3.2623,1.5
5,3.2683,1.5
5,3.2743,1.5
5,3.2803,1.5
5,3.2863,1.5
5,3.2923,1.5
5,3.2983,1.5
5,3.3043,1.5
5,3.3103,1.5
5,3.3163,1.5
5,3.3223,1.5
5,3.3283,1.5
5,3.3343,1.5
5,3.3403,1.5
5,3.3463,1.5
5,3.3523,1.5
5,3.3583,1.5
5,3.3643,1.5
5,3.3703,1.5
5,3.3763,1.5
5,3.3823,1.5
5,3.3883,1.5
5,3.3944,1.5
5,3.4004,1.5
5,3.4064,1.5
5,3.4124,1.5
5,3.4184,1.5
5,3.4244,1.5
5,3.4304,1.5
5,3.4364,1.5
5,3.4424,1.5
5,3.4484,1.5
5,3.4544,1.5
5,3.4604,1.5
5,3.4664,1.5
5,3.4724,1.5
5,3.4784,1.5
5,3.4844,1.5
5,3.4904,1.5
5,3.4964,1.5
5,3.5024,1.5
5,3.5084,1.5
5,3.5144,1.5
5,3.5204,1.5
5,3.5264,1.5
5,3.5324,1.5
5,3.5384,1.5
5,3.5444,1.5
5,3.5504,1.5
5,3.5564,1.5
5,3.5624,1.5
5,3.5684,1.5
5,3.5744,1.5
5,3.5804,1.5
5,3.5864,1.5
5,3.5924,1.5
5,3.5984,1.5
5,3.6044,1.5
5,3.6104,1.5
5,3.6164,1.5
5,3.6224,1.5
5,3.6284,1.5
5,3.6344,1.5
5,3.6404,1.5
5,3.6464,1.5
5,3.6524,1.5
5,3.6584,1.5
5,3.6644,1.5
5,3.6704,1.5
5,3.6764,1.5
5,3.6824,1.5
5,3.6884,1.5
5,3.6944,1.5
5,3.7004,1.5
5,3.7064,1.5
5,3.7124,1.5
5,3.7184,1.5
5,3.7244,1.5
5,3.7304,1.5
5,3.7364,1.5
5,3.7424,1.5
5,3.7484,1.5
5,3.7544,1.5
5,3.7604,1.5
5,3.7664,1.5
5,3.7724,1.5
5,3.7784,1.5
5,3.7844,1.5
5,3.7904,1.5
5,3.7964,1.5
5,3.8024,1.5
5,3.8084,1.5
5,3.8144,1.5
5,3.8204,1.5
5,3.8264,1.5
5,3.8324,1.5
5,3.8384,1.5
5,3.8444,1.5
5,3.8504,1.5
5,3.8564,1.5
5,3.8624,1.5
5,3.8684,1.5
5,3.8744,1.5
5,3.8804,1.5
5,3.8864,1.5
5,3.8924,1.5
5,3.8984,1.5
5,3.9044,1.5
5,3.9104,1.5
5,3.9164,1.5
5,3.9224,1.5
5,3.9284,1.5
5,3.9344,1.5
5,3.9404,1.5
5,3.9464,1.5
5,3.9524,1.5
5,3.9584,1.5
5,3.9644,1.5
5,3.9704,1.5
5,3.9764,1.5
5,3.9824,1.5
5,3.9884,1.5
5,3.9944,1.5
5,4.0004,1.5
5,4.0064,1.5
5,4.0124,1.5
5,4.0184,1.5
5,4.0244,1.5
5,4.0304,1.5
5,4.0364,1.5
5,4.0424,1.5
5,4.0484,1.5
5,4.0544,1.5
5,4.0604,1.5
5,4.0664,1.5
5,4.0724,1.5
5,4.0784,1.5
5,4.0844,1.5
5,4.0904,1.5
5,4.0964,1.5
5,4.1024,1.5
5,4.1084,1.5
5,4.1144,1.5
5,4.1204,1.5
5,4.1264,1.5
5,4.1324,1.5
5,4.1384,1.5
5,4.1444,1.5
5,4.1504,1.5
5,4.1564,1.5
5,4.1624,1.5
5,4.1684,1.5
5,4.1744,1.5
5,4.1804,1.5
5,4.1864,1.5
5,4.1924,1.5
5,4.1984,1.5
5,4.2044,1.5
5,4.2104,1.5
5,4.2164,1.5
5,4.2224,1.5
5,4.2284,1.5
5,4.2344,1.5
5,4.2404,1.5
5,4.2464,1.5
5,4.2524,1.5
5,4.2584,1.5
5,4.2644,1.5
5,4.2704,1.5
5,4.2764,1.5
5,4.2824,1.5
5,4.2884,1.5
5,4.2944,1.5
5,4.3004,1.5
5,4.3064,1.5
5,4.3124,1.5
5,4.3184,1.5
5,4.3244,1.5
5,4.3305,1.5
5,4.3365,1.5
5,4.3425,1.5
5,4.3485,1.5
5,4.3545,1.5
5,4.3605,1.5
5,4.3665,1.5
5,4.3725,1.5
5,4.3785,1.5
5,4.3845,1.5
5,4.3905,1.5
5,4.3965,1.5
5,4.4025,1.5
5,4.4085,1.5
5,4.4145,1.5
5,4.4205,1.5
5,4.4265,1.5
5,4.4325,1.5
5,4.4385,1.5
5,4.4445,1.5
5,4.4505,1.5
5,4.4565,1.5
5,4.4625,1.5
5,4.4685,1.5
5,4.4745,1.5
5,4.4805,1.5
5,4.4865,1.5
5,4.4925,1.5
5,4.4985,1.5
5,4.5045,1.5
5,4.5105,1.5
5,4.5165,1.5
5,4.5225,1.5
5,4.5285,1.5
5,4.5345,1.5
5,4.5405,1.5
5,4.5465,1.5
5,4.5525,1.5
5,4.5585,1.5
5,4.5645,1.5
5,4.5705,1.5
5,4.5765,1.5
5,4.5825,1.5
5,4.5885,1.5
5,4.5945,1.5
5,4.6005,1.5
5,4.6065,1.5
5,4.6125,1.5
5,4.6185,1.5
5,4.6245,1.5
5,4.6305,1.5
5,4.6365,1.5
5,4.6425,1.5
5,4.6485,1.5
5,4.6545,1.5
5,4.6605,1.5
5,4.6665,1.5
5,4.6725,1.5
5,4.6785,1.5
5,4.6845,1.5
5,4.6905,1.5
5,4.6965,1.5
5,4.7025,1.5
5,4.7085,1.5
5,4.7145,1.5
5,4.7205,1.5
5,4.7265,1.5
5,4.7325,1.5
5,4.7385,1.5
5,4.7445,1.5
5,4.7505,1.5
5,4.7565,1.5
5,4.7625,1.5
5,4.7685,1.5
5,4.7745,1.5
5,4.7805,1.5
5,4.7865,1.5
5,4.7925,1.5
5,4.7985,1.5
5,4.8045,1.5
5,4.8105,1.5
5,4.8165,1.5
5,4.8225,1.5
5,4.8285,1.5
5,4.8345,1.5
5,4.8405,1.5
5,4.8465,1.5
5,4.8525,1.5
5,4.8585,1.5
5,4.8645,1.5
5,4.8705,1.5
5,4.8765,1.5
5,4.8825,1.5
5,4.8885,1.5
5,4.8945,1.5
5,4.9005,1.5
5,4.9065,1.5
5,4.9125,1.5
5,4.9185,1.5
5,4.9245,1.5
5,4.9305,1.5
5,4.9365,1.5
5,4.9425,1.5
5,4.9485,1.5
5,4.9545,1.5
5,4.9605,1.5
5,4.9665,1.5
5,4.9725,1.5
5,4.9785,1.5
5,4.9845,1.5
5,4.9905,1.5
5,4.9965,1.5
5,5.0025,1.5
5,5.0085,1.5
5,5.0145,1.5
5,5.0205,1.5
5,5.0265,1.5
5,5.0325,1.5
5,5.0385,1.5
5,5.0445,1.5
5,5.0505,1.5
5,5.0565,1.5
5,5.0625,1.5
5,5.0685,1.5
5,5.0745,1.5
5,5.0805,1.5
5,5.0865,1.5
5,5.0925,1.5
5,5.0985,1.5
5,5.1045,1.5
5,5.1105,1.5
5,5.1165,1.5
5,5.1225,1.5
5,5.1285,1.5
5,5.1345,1.5
5,5.1405,1.5
5,5.1465,1.5
5,5.1525,1.5
5,5.1585,1.5
5,5.1645,1.5
5,5.1705,1.5
5,5.1765,1.5
5,5.1825,1.5
5,5.1885,1.5
5,5.1945,1.5
5,5.2005,1.5
5,5.2065,1.5
5,5.2125,1.5
5,5.2185,1.5
5,5.2245,1.5
5,5.2305,1.5
5,5.2365,1.5
5,5.2425,1.5
5,5.2485,1.5
5,5.2545,1.5
5,5.2605,1.5
5,5.2665,1.5
5,5.2726,1.5
5,5.2786,1.5
5,5.2846,1.5
5,5.2906,1.5
5,5.2966,1.5
5,5.3026,1.5
5,5.3086,1.5
5,5.3146,1.5
5,5.3206,1.5
5,5.3266,1.5
5,5.3326,1.5
5,5.3386,1.5
5,5.3446,1.5
5,5.3506,1.5
5,5.3566,1.5
5,5.3626,1.5
5,5.3686,1.5
5,5.3746,1.5
5,5.3806,1.5
5,5.3866,1.5
5,5.3926,1.5
5,5.3986,1.5
5,5.4046,1.5
5,5.4106,1.5
5,5.4166,1.5
5,5.4226,1.5
5,5.4286,1.5
5,5.4346,1.5
5,5.4406,1.5
5,5.4466,1.5
5,5.4526,1.5
5,5.4586,1.5
5,5.4646,1.5
5,5.4706,1.5
5,5.4766,1.5
5,5.4826,1.5
5,5.4886,1.5
5,5.4946,1.5
5,5.5006,1.5
5,5.5066,1.5
5,5.5126,1.5
5,5.5186,1.5
5,5.5246,1.5
5,5.5306,1.5
5,5.5366,1.5
5,5.5426,1.5
5,5.5486,1.5
5,5.5546,1.5
5,5.5606,1.5
5,5.5666,1.5
5,5.5726,1.5
5,5.5786,1.5
5,5.5846,1.5
5,5.5906,1.5
5,5.5966,1.5
5,5.6026,1.5
5,5.6086,1.5
5,5.6146,1.5
5,5.6206,1.5
5,5.6266,1.5
5,5.6326,1.5
5,5.6386,1.5
5,5.6446,1.5
5,5.6506,1.5
5,5.6566,1.5
5,5.6626,1.5
5,5.6686,1.5
5,5.6746,1.5
5,5.6806,1.5
5,5.6866,1.5
5,5.6926,1.5
5,5.6986,1.5
5,5.7046,1.5
5,5.7106,1.5
5,5.7166,1.5
5,5.7226,1.5
5,5.7286,1.5
5,5.7346,1.5
5,5.7406,1.5
5,5.7466,1.5
5,5.7526,1.5
5,5.7586,1.5
5,5.7646,1.5
5,5.7706,1.5
5,5.7766,1.5
5,5.7826,1.5
5,5.7886,1.5
5,5.7946,1.5
5,5.8006,1.5
5,5.8066,1.5
5,5.8126,1.5
5,5.8186,1.5
5,5.8246,1.5
5,5.8306,1.5
5,5.8366,1.5
5,5.8426,1.5
5,5.8486,1.5
5,5.8546,1.5
5,5.8606,1.5
5,5.8666,1.5
5,5.8726,1.5
5,5.8786,1.5
5,5.8846,1.5
5,5.8906,1.5
5,5.8966,1.5
5,5.9026,1.5
5,5.9086,1.5
5,5.9146,1.5
5,5.9206,1.5
5,5.9266,1.5
5,5.9326,1.5
5,5.9386,1.5
5,5.9446,1.5
5,5.9506,1.5
5,5.9566,1.5
5,5.9626,1.5
5,5.9686,1.5
5,5.9746,1.5
5,5.9806,1.5
5,5.9866,1.5
5,5.9926,1.5
5,5.9986,1.5
5,6.0046,1.5
5,6.0106,1.5
5,6.0166,1.5
5,6.0226,1.5
5,6.0286,1.5
5,6.0346,1.5
5,6.0406,1.5
5,6.0466,1.5
5,6.0526,1.5
5,6.0586,1.5
5,6.0646,1.5
5,6.0706,1.5
5,6.0766,1.5
5,6.0826,1.5
5,6.0886,1.5
5,6.0946,1.5
5,6.1006,1.5
5,6.1066,1.5
5,6.1126,1.5
5,6.1186,1.5
5,6.1246,1.5
5,6.1306,1.5
5,6.1366,1.5
5,6.1426,1.5
5,6.1486,1.5
5,6.1546,1.5
5,6.1606,1.5
5,6.1666,1.5
5,6.1726,1.5
5,6.1786,1.5
5,6.1846,1.5
5,6.1906,1.5
5,6.1966,1.5
5,6.2026,1.5
5,6.2086,1.5
5,6.2147,1.5
5,6.2207,1.5
5,6.2267,1.5
5,6.2327,1.5
5,6.2387,1.5
5,6.2447,1.5
5,6.2507,1.5
5,6.2567,1.5
5,6.2627,1.5
5,6.2687,1.5
5,6.2747,1.5
5,6.2807,1.5
5,6.2867,1.5
5,6.2927,1.5
5,6.2987,1.5
5,6.3047,1.5
5,6.3107,1.5
5,6.3167,1.5
5,6.3227,1.5
5,6.3287,1.5
5,6.3347,1.5
5,6.3407,1.5
5,6.3467,1.5
5,6.3527,1.5
5,6.3587,1.5
5,6.3647,1.5
5,6.3707,1.5
5,6.3767,1.5
5,6.3827,1.5
5,6.3887,1.5
5,6.3947,1.5
5,6.4007,1.5
5,6.4067,1.5
5,6.4127,1.5
5,6.4187,1.5
5,6.4247,1.5
5,6.4307,1.5
5,6.4367,1.5
5,6.4427,1.5
5,6.4487,1.5
5,6.4547,1.5
5,6.4607,1.5
5,6.4667,1.5
5,6.4727,1.5
5,6.4787,1.5
5,6.4847,1.5
5,6.4907,1.5
5,6.4967,1.5
5,6.5027,1.5
5,6.5087,1.5
5,6.5147,1.5
5,6.5207,1.5
5,6.5267,1.5
5,6.5327,1.5
5,6.5387,1.5
5,6.5447,1.5
5,6.5507,1.5
5,6.5567,1.5
5,6.5627,1.5
5,6.5687,1.5
5,6.5747,1.5
5,6.5807,1.5
5,6.5867,1.5
5,6.5927,1.5
5,6.5987,1.5
5,6.6047,1.5
5,6.6107,1.5
5,6.6167,1.5
5,6.6227,1.5
5,6.6287,1.5
5,6.6347,1.5
5,6.6407,1.5
5,6.6467,1.5
5,6.6527,1.5
5,6.6587,1.5
5,6.6647,1.5
5,6.6707,1.5
5,6.6767,1.5
5,6.6827,1.5
5,6.6887,1.5
5,6.6947,1.5
5,6.7007,1.5
5,6.7067,1.5
5,6.7127,1.5
5,6.7187,1.5
5,6.7247,1.5
5,6.7307,1.5
5,6.7367,1.5
5,6.7427,1.5
5,6.7487,1.5
5,6.7547,1.5
5,6.7607,1.5
5,6.7667,1.5
5,6.7727,1.5
5,6.7787,1.5
5,6.7847,1.5
5,6.7907,1.5
5,6.7967,1.5
5,6.8027,1.5
5,6.8087,1.5
5,6.8147,1.5
5,6.8207,1.5
5,6.8267,1.5
5,6.8327,1.5
5,6.8387,1.5
5,6.8447,1.5
5,6.8507,1.5
5,6.8567,1.5
5,6.8627,1.5
5,6.8687,1.5
5,6.8747,1.5
5,6.8807,1.5
5,6.8867,1.5
5,6.8927,1.5
5,6.8987,1.5
5,6.9047,1.5
5,6.9107,1.5
5,6.9167,1.5
5,6.9227,1.5
5,6.9287,1.5
5,6.9347,1.5
5,6.9407,1.5
5,6.9467,1.5
5,6.9527,1.5
5,6.9587,1.5
5,6.9647,1.5
5,6.9707,1.5
5,6.9767,1.5
5,6.9827,1.5
5,6.9887,1.5
5,6.9947,1.5
5,7.0007,1.5
5,7.0067,1.5
5,7.0127,1.5
5,7.0187,1.5
5,7.0247,1.5
5,7.0307,1.5
5,7.0367,1.5
5,7.0427,1.5
5,7.0487,1.5
5,7.0547,1.5
5,7.0607,1.5
5,7.0667,1.5
5,7.0727,1.5
5,7.0787,1.5
5,7.0847,1.5
5,7.0907,1.5
5,7.0967,1.5
5,7.1027,1.5
5,7.1087,1.5
5,7.1147,1.5
5,7.1207,1.5
5,7.1267,1.5
5,7.1327,1.5
5,7.1387,1.5
5,7.1447,1.5
5,7.1508,1.5
5,7.1568,1.5
5,7.1628,1.5
5,7.1688,1.5
5,7.1748,1.5
5,7.1808,1.5
5,7.1868,1.5
5,7.1928,1.5
5,7.1988,1.5
5,7.2048,1.5
5,7.2108,1.5
5,7.2168,1.5
5,7.2228,1.5
5,7.2288,1.5
5,7.2348,1.5
5,7.2408,1.5
5,7.2468,1.5
5,7.2528,1.5
5,7.2588,1.5
5,7.2648,1.5
5,7.2708,1.5
5,7.2768,1.5
5,7.2828,1.5
5,7.2888,1.5
5,7.2948,1.5
5,7.3008,1.5
5,7.3068,1.5
5,7.3128,1.5
5,7.3188,1.5
5,7.3248,1.5
5,7.3308,1.5
5,7.3368,1.5
5,7.3428,1.5
5,7.3488,1.5
5,7.3548,1.5
5,7.3608,1.5
5,7.3668,1.5
5,7.3728,1.5
5,7.3788,1.5
5,7.3848,1.5
5,7.3908,1.5
5,7.3968,1.5
5,7.4028,1.5
5,7.4088,1.5
5,7.4148,1.5
5,7.4208,1.5
5,7.4268,1.5
5,7.4328,1.5
5,7.4388,1.5
5,7.4448,1.5
5,7.4508,1.5
5,7.4568,1.5
5,7.4628,1.5
5,7.4688,1.5
5,7.4748,1.5
5,7.4808,1.5
5,7.4868,1.5
5,7.4928,1.5
5,7.4988,1.5
5,7.5048,1.5
5,7.5108,1.5
5,7.5168,1.5
5,7.5228,1.5
5,7.5288,1.5
5,7.5348,1.5
5,7.5408,1.5
5,7.5468,1.5
5,7.5528,1.5
5,7.5588,1.5
5,7.5648,1.5
5,7.5708,1.5
5,7.5768,1.5
5,7.5828,1.5
5,7.5888,1.5
5,7.5948,1.5
5,7.6008,1.5
5,7.6068,1.5
5,7.6128,1.5
5,7.6188,1.5
5,7.6248,1.5
5,7.6308,1.5
5,7.6368,1.5
5,7.6428,1.5
5,7.6488,1.5
5,7.6548,1.5
5,7.6608,1.5
5,7.6668,1.5
5,7.6728,1.5
5,7.6788,1.5
5,7.6848,1.5
5,7.6908,1.5
5,7.6968,1.5
5,7.7028,1.5
5,7.7088,1.5
5,7.7148,1.5
5,7.7208,1.5
5,7.7268,1.5
5,7.7328,1.5
5,7.7388,1.5
5,7.7448,1.5
5,7.7508,1.5
5,7.7568,1.5
5,7.7628,1.5
5,7.7688,1.5
5,7.7748,1.5
5,7.7808,1.5
5,7.7868,1.5
5,7.7928,1.5
5,7.7988,1.5
5,7.8048,1.5
5,7.8108,1.5
5,7.8168,1.5
5,7.8228,1.5
5,7.8288,1.5
5,7.8348,1.5
5,7.8408,1.5
5,7.8468,1.5
5,7.8528,1.5
5,7.8588,1.5
5,7.8648,1.5
5,7.8708,1.5
5,7.8768,1.5
5,7.8828,1.5
5,7.8888,1.5
5,7.8948,1.5
5,7.9008,1.5
5,7.9068,1.5
5,7.9128,1.5
5,7.9188,1.5
5,7.9248,1.5
5,7.9308,1.5
5,7.9368,1.5
5,7.9428,1.5
5,7.9488,1.5
5,7.9548,1.5
5,7.9608,1.5
5,7.9668,1.5
5,7.9728,1.5
5,7.9788,1.5
5,7.9848,1.5
5,7.9908,1.5
5,7.9968,1.5
5,8.0028,1.5
5,8.0088,1.5
5,8.0148,1.5
5,8.0208,1.5
5,8.0268,1.5
5,8.0328,1.5
5,8.0388,1.5
5,8.0448,1.5
5,8.0508,1.5
5,8.0568,1.5
5,8.0628,1.5
5,8.0688,1.5
5,8.0748,1.5
5,8.0808,1.5
5,8.0868,1.5
5,8.0929,1.5
5,8.0989,1.5
5,8.1049,1.5
5,8.1109,1.5
5,8.1169,1.5
5,8.1229,1.5
5,8.1289,1.5
5,8.1349,1.5
5,8.1409,1.5
5,8.1469,1.5
5,8.1529,1.5
5,8.1589,1.5
5,8.1649,1.5
5,8.1709,1.5
5,8.1769,1.5
5,8.1829,1.5
5,8.1889,1.5
5,8.1949,1.5
5,8.2009,1.5
5,8.2069,1.5
5,8.2129,1.5
5,8.2189,1.5
5,8.2249,1.5
5,8.2309,1.5
5,8.2369,1.5
5,8.2429,1.5
5,8.2489,1.5
5,8.2549,1.5
5,8.2609,1.5
5,8.2669,1.5
5,8.2729,1.5
5,8.2789,1.5
5,8.2849,1.5
5,8.2909,1.5
5,8.2969,1.5
5,8.3029,1.5
5,8.3089,1.5
5,8.3149,1.5
5,8.3209,1.5
5,8.3269,1.5
5,8.3329,1.5
5,8.3389,1.5
5,8.3449,1.5
5,8.3509,1.5
5,8.3569,1.5
5,8.3629,1.5
5,8.3689,1.5
5,8.3749,1.5
5,8.3809,1.5
5,8.3869,1.5
5,8.3929,1.5
5,8.3989,1.5
5,8.4049,1.5
5,8.4109,1.5
5,8.4169,1.5
5,8.4229,1.5
5,8.4289,1.5
5,8.4349,1.5
5,8.4409,1.5
5,8.4469,1.5
5,8.4529,1.5
5,8.4589,1.5
5,8.4649,1.5
5,8.4709,1.5
5,8.4769,1.5
5,8.4829,1.5
5,8.4889,1.5
5,8.4949,1.5
5,8.5009,1.5
5,8.5069,1.5
5,8.5129,1.5
5,8.5189,1.5
5,8.5249,1.5
5,8.5309,1.5
5,8.5369,1.5
5,8.5429,1.5
5,8.5489,1.5
5,8.5549,1.5
5,8.5609,1.5
5,8.5669,1.5
5,8.5729,1.5
5,8.5789,1.5
5,8.5849,1.5
5,8.5909,1.5
5,8.5969,1.5
5,8.6029,1.5
5,8.6089,1.5
5,8.6149,1.5
5,8.6209,1.5
5,8.6269,1.5
5,8.6329,1.5
5,8.6389,1.5
5,8.6449,1.5
5,8.6509,1.5
5,8.6569,1.5
5,8.6629,1.5
5,8.6689,1.5
5,8.6749,1.5
5,8.6809,1.5
5,8.6869,1.5
5,8.6929,1.5
5,8.6989,1.5
5,8.7049,1.5
5,8.7109,1.5
5,8.7169,1.5
5,8.7229,1.5
5,8.7289,1.5
5,8.7349,1.5
5,8.7409,1.5
5,8.7469,1.5
5,8.7529,1.5
5,8.7589,1.5
5,8.7649,1.5
5,8.7709,1.5
5,8.7769,1.5
5,8.7829,1.5
5,8.7889,1.5
5,8.7949,1.5
5,8.8009,1.5
5,8.8069,1.5
5,8.8129,1.5
5,8.8189,1.5
5,8.8249,1.5
5,8.8309,1.5
5,8.8369,1.5
5,8.8429,1.5
5,8.8489,1.5
5,8.8549,1.5
5,8.8609,1.5
5,8.8669,1.5
5,8.8729,1.5
5,8.8789,1.5
5,8.8849,1.5
5,8.8909,1.5
5,8.8969,1.5
5,8.9029,1.5
5,8.9089,1.5
5,8.9149,1.5
5,8.9209,1.5
5,8.9269,1.5
5,8.9329,1.5
5,8.9389,1.5
5,8.9449,1.5
5,8.9509,1.5
5,8.9569,1.5
5,8.9629,1.5
5,8.9689,1.5
5,8.9749,1.5
5,8.9809,1.5
5,8.9869,1.5
5,8.9929,1.5
5,8.9989,1.5
5,9.0049,1.5
5,9.0109,1.5
5,9.0169,1.5
5,9.0229,1.5
5,9.0289,1.5
5,9.035,1.5
5,9.041,1.5
5,9.047,1.5
5,9.053,1.5
5,9.059,1.5
5,9.065,1.5
5,9.071,1.5
5,9.077,1.5
5,9.083,1.5
5,9.089,1.5
5,9.095,1.5
5,9.101,1.5
5,9.107,1.5
5,9.113,1.5
5,9.119,1.5
5,9.125,1.5
5,9.131,1.5
5,9.137,1.5
5,9.143,1.5
5,9.149,1.5
5,9.155,1.5
5,9.161,1.5
5,9.167,1.5
5,9.173,1.5
5,9.179,1.5
5,9.185,1.5
5,9.191,1.5
5,9.197,1.5
5,9.203,1.5
5,9.209,1.5
5,9.215,1.5
5,9.221,1.5
5,9.227,1.5
5,9.233,1.5
5,9.239,1.5
5,9.245,1.5
5,9.251,1.5
5,9.257,1.5
5,9.263,1.5
5,9.269,1.5
5,9.275,1.5
5,9.281,1.5
5,9.287,1.5
5,9.293,1.5
5,9.299,1.5
5,9.305,1.5
5,9.311,1.5
5,9.317,1.5
5,9.323,1.5
5,9.329,1.5
5,9.335,1.5
5,9.341,1.5
5,9.347,1.5
5,9.353,1.5
5,9.359,1.5
5,9.365,1.5
5,9.371,1.5
5,9.377,1.5
5,9.383,1.5
5,9.389,1.5
5,9.395,1.5
5,9.401,1.5
5,9.407,1.5
5,9.413,1.5
5,9.419,1.5
5,9.425,1.5
5,9.431,1.5
5,9.437,1.5
5,9.443,1.5
5,9.449,1.5
5,9.455,1.5
5,9.461,1.5
5,9.467,1.5
5,9.473,1.5
5,9.479,1.5
5,9.485,1.5
5,9.491,1.5
5,9.497,1.5
5,9.503,1.5
5,9.509,1.5
5,9.515,1.5
5,9.521,1.5
5,9.527,1.5
5,9.533,1.5
5,9.539,1.5
5,9.545,1.5
5,9.551,1.5
5,9.557,1.5
5,9.563,1.5
5,9.569,1.5
5,9.575,1.5
5,9.581,1.5
5,9.587,1.5
5,9.593,1.5
5,9.599,1.5
5,9.605,1.5
5,9.611,1.5
5,9.617,1.5
5,9.623,1.5
5,9.629,1.5
5,9.635,1.5
5,9.641,1.5
5,9.647,1.5
5,9.653,1.5
5,9.659,1.5
5,9.665,1.5
5,9.671,1.5
5,9.677,1.5
5,9.683,1.5
5,9.689,1.5
5,9.695,1.5
5,9.701,1.5
5,9.707,1.5
5,9.713,1.5
5,9.719,1.5
5,9.725,1.5
5,9.731,1.5
5,9.737,1.5
5,9.743,1.5
5,9.749,1.5
5,9.755,1.5
5,9.761,1.5
5,9.767,1.5
5,9.773,1.5
5,9.779,1.5
5,9.785,1.5
5,9.791,1.5
5,9.797,1.5
5,9.803,1.5
5,9.809,1.5
5,9.815,1.5
5,9.821,1.5
5,9.827,1.5
5,9.833,1.5
5,9.839,1.5
5,9.845,1.5
5,9.851,1.5
5,9.857,1.5
5,9.863,1.5
5,9.869,1.5
5,9.875,1.5
5,9.881,1.5
5,9.887,1.5
5,9.893,1.5
5,9.899,1.5
5,9.905,1.5
5,9.911,1.5
5,9.917,1.5
5,9.923,1.5
5,9.929,1.5
5,9.935,1.5
5,9.941,1.5
5,9.947,1.5
5,9.953,1.5
5,9.959,1.5
5,9.965,1.5
5,9.9711,1.5
5,9.9771,1.5
5,9.9831,1.5
5,9.9891,1.5
5,9.9951,1.5
5,10.001,1.5
5,10.007,1.5
5,10.013,1.5
5,10.019,1.5
5,10.025,1.5
5,10.031,1.5
5,10.037,1.5
5,10.043,1.5
5,10.049,1.5
5,10.055,1.5
5,10.061,1.5
5,10.067,1.5
5,10.073,1.5
5,10.079,1.5
5,10.085,1.5
5,10.091,1.5
5,10.097,1.5
5,10.103,1.5
5,10.109,1.5
5,10.115,1.5
5,10.121,1.5
5,10.127,1.5
5,10.133,1.5
5,10.139,1.5
5,10.145,1.5
5,10.151,1.5
5,10.157,1.5
5,10.163,1.5
5,10.169,1.5
5,10.175,1.5
5,10.181,1.5
5,10.187,1.5
5,10.193,1.5
5,10.199,1.5
5,10.205,1.5
5,10.211,1.5
5,10.217,1.5
5,10.223,1.5
5,10.229,1.5
5,10.235,1.5
5,10.241,1.5
5,10.247,1.5
5,10.253,1.5
5,10.259,1.5
5,10.265,1.5
5,10.271,1.5
5,10.277,1.5
5,10.283,1.5
5,10.289,1.5
5,10.295,1.5
5,10.301,1.5
5,10.307,1.5
5,10.313,1.5
5,10.319,1.5
5,10.325,1.5
5,10.331,1.5
5,10.337,1.5
5,10.343,1.5
5,10.349,1.5
5,10.355,1.5
5,10.361,1.5
5,10.367,1.5
5,10.373,1.5
5,10.379,1.5
5,10.385,1.5
5,10.391,1.5
5,10.397,1.5
5,10.403,1.5
5,10.409,1.5
5,10.415,1.5
5,10.421,1.5
5,10.427,1.5
5,10.433,1.5
5,10.439,1.5
5,10.445,1.5
5,10.451,1.5
5,10.457,1.5
5,10.463,1.5
5,10.469,1.5
5,10.475,1.5
5,10.481,1.5
5,10.487,1.5
5,10.493,1.5
5,10.499,1.5
5,10.505,1.5
5,10.511,1.5
5,10.517,1.5
5,10.523,1.5
5,10.529,1.5
5,10.535,1.5
5,10.541,1.5
5,10.547,1.5
5,10.553,1.5
5,10.559,1.5
5,10.565,1.5
5,10.571,1.5
5,10.577,1.5
5,10.583,1.5
5,10.589,1.5
5,10.595,1.5
5,10.601,1.5
5,10.607,1.5
5,10.613,1.5
5,10.619,1.5
5,10.625,1.5
5,10.631,1.5
5,10.637,1.5
5,10.643,1.5
5,10.649,1.5
5,10.655,1.5
5,10.661,1.5
5,10.667,1.5
5,10.673,1.5
5,10.679,1.5
5,10.685,1.5
5,10.691,1.5
5,10.697,1.5
5,10.703,1.5
5,10.709,1.5
5,10.715,1.5
5,10.721,1.5
5,10.727,1.5
5,10.733,1.5
5,10.739,1.5
5,10.745,1.5
5,10.751,1.5
5,10.757,1.5
5,10.763,1.5
5,10.769,1.5
5,10.775,1.5
5,10.781,1.5
5,10.787,1.5
5,10.793,1.5
5,10.799,1.5
5,10.805,1.5
5,10.811,1.5
5,10.817,1.5
5,10.823,1.5
5,10.829,1.5
5,10.835,1.5
5,10.841,1.5
5,10.847,1.5
5,10.853,1.5
5,10.859,1.5
5,10.865,1.5
5,10.871,1.5
5,10.877,1.5
5,10.883,1.5
5,10.889,1.5
5,10.895,1.5
5,10.901,1.5
5,10.907,1.5
5,10.913,1.5
5,10.919,1.5
5,10.925,1.5
5,10.931,1.5
5,10.937,1.5
5,10.943,1.5
5,10.949,1.5
5,10.955,1.5
5,10.961,1.5
5,10.967,1.5
5,10.973,1.5
5,10.979,1.5
5,10.985,1.5
5,10.991,1.5
5,10.997,1.5
5,11.003,1.5
5,11.009,1.5
5,11.015,1.5
5,11.021,1.5
5,11.027,1.5
5,11.033,1.5
5,11.039,1.5
5,11.045,1.5
5,11.051,1.5
5,11.057,1.5
5,11.063,1.5
5,11.069,1.5
5,11.075,1.5
5,11.081,1.5
5,11.087,1.5
5,11.093,1.5
5,11.099,1.5
5,11.105,1.5
5,11.111,1.5
5,11.117,1.5
5,11.123,1.5
5,11.129,1.5
5,11.135,1.5
5,11.141,1.5
5,11.147,1.5
5,11.153,1.5
5,11.159,1.5
5,11.165,1.5
5,11.171,1.5
5,11.177,1.5
5,11.183,1.5
5,11.189,1.5
5,11.195,1.5
5,11.201,1.5
5,11.207,1.5
5,11.213,1.5
5,11.219,1.5
5,11.225,1.5
5,11.231,1.5
5,11.237,1.5
5,11.243,1.5
5,11.249,1.5
5,11.255,1.5
5,11.261,1.5
5,11.267,1.5
5,11.273,1.5
5,11.279,1.5
5,11.285,1.5
5,11.291,1.5
5,11.297,1.5
5,11.303,1.5
5,11.309,1.5
5,11.315,1.5
5,11.321,1.5
5,11.327,1.5
5,11.333,1.5
5,11.339,1.5
5,11.345,1.5
5,11.351,1.5
5,11.357,1.5
5,11.363,1.5
5,11.369,1.5
5,11.375,1.5
5,11.381,1.5
5,11.387,1.5
5,11.393,1.5
5,11.399,1.5
5,11.405,1.5
5,11.411,1.5
5,11.417,1.5
5,11.423,1.5
5,11.429,1.5
5,11.435,1.5
5,11.441,1.5
5,11.447,1.5
5,11.453,1.5
5,11.459,1.5
5,11.465,1.5
5,11.471,1.5
5,11.477,1.5
5,11.483,1.5
5,11.489,1.5
5,11.495,1.5
5,11.501,1.5
5,11.507,1.5
5,11.513,1.5
5,11.519,1.5
5,11.525,1.5
5,11.531,1.5
5,11.537,1.5
5,11.543,1.5
5,11.549,1.5
5,11.555,1.5
5,11.561,1.5
5,11.567,1.5
5,11.573,1.5
5,11.579,1.5
5,11.585,1.5
5,11.591,1.5
5,11.597,1.5
5,11.603,1.5
5,11.609,1.5
5,11.615,1.5
5,11.621,1.5
5,11.627,1.5
5,11.633,1.5
5,11.639,1.5
5,11.645,1.5
5,11.651,1.5
5,11.657,1.5
5,11.663,1.5
5,11.669,1.5
5,11.675,1.5
5,11.681,1.5
5,11.687,1.5
5,11.693,1.5
5,11.699,1.5
5,11.705,1.5
5,11.711,1.5
5,11.717,1.5
5,11.723,1.5
5,11.729,1.5
5,11.735,1.5
5,11.741,1.5
5,11.747,1.5
5,11.753,1.5
5,11.759,1.5
5,11.765,1.5
5,11.771,1.5
5,11.777,1.5
5,11.783,1.5
5,11.789,1.5
5,11.795,1.5
5,11.801,1.5
5,11.807,1.5
5,11.813,1.5
5,11.819,1.5
5,11.825,1.5
5,11.831,1.5
5,11.837,1.5
5,11.843,1.5
5,11.849,1.5
5,11.855,1.5
5,11.861,1.5
5,11.867,1.5
5,11.873,1.5
5,11.879,1.5
5,11.885,1.5
5,11.891,1.5
5,11.897,1.5
5,11.903,1.5
5,11.909,1.5
5,11.915,1.5
5,11.921,1.5
5,11.927,1.5
5,11.933,1.5
5,11.939,1.5
5,11.945,1.5
5,11.951,1.5
5,11.957,1.5
5,11.963,1.5
5,11.969,1.5
5,11.975,1.5
5,11.981,1.5
5,11.987,1.5
5,11.993,1.5
5,11.999,1.5
5,12.005,1.5
5,12.011,1.5
5,12.017,1.5
5,12.023,1.5
5,12.029,1.5
5,12.035,1.5
5,12.041,1.5
5,12.047,1.5
5,12.053,1.5
5,12.059,1.5
5,12.065,1.5
5,12.071,1.5
5,12.077,1.5
5,12.083,1.5
5,12.089,1.5
5,12.095,1.5
5,12.101,1.5
5,12.107,1.5
5,12.113,1.5
5,12.119,1.5
5,12.125,1.5
5,12.131,1.5
5,12.137,1.5
5,12.143,1.5
5,12.149,1.5
5,12.155,1.5
5,12.161,1.5
5,12.167,1.5
5,12.173,1.5
5,12.179,1.5
5,12.185,1.5
5,12.191,1.5
5,12.197,1.5
5,12.203,1.5
5,12.209,1.5
5,12.215,1.5
5,12.221,1.5
5,12.227,1.5
5,12.233,1.5
5,12.239,1.5
5,12.245,1.5
5,12.251,1.5
5,12.257,1.5
5,12.263,1.5
5,12.269,1.5
5,12.275,1.5
5,12.281,1.5
5,12.287,1.5
5,12.293,1.5
5,12.299,1.5
5,12.305,1.5
5,12.311,1.5
5,12.317,1.5
5,12.323,1.5
5,12.329,1.5
5,12.335,1.5
5,12.341,1.5
5,12.347,1.5
5,12.353,1.5
5,12.359,1.5
5,12.365,1.5
5,12.371,1.5
5,12.377,1.5
5,12.383,1.5
5,12.389,1.5
5,12.395,1.5
5,12.401,1.5
5,12.407,1.5
5,12.413,1.5
5,12.419,1.5
5,12.425,1.5
5,12.431,1.5
5,12.437,1.5
5,12.443,1.5
5,12.449,1.5
5,12.455,1.5
5,12.461,1.5
5,12.467,1.5
5,12.473,1.5
5,12.479,1.5
5,12.485,1.5
5,12.491,1.5
5,12.497,1.5
5,12.503,1.5
5,12.509,1.5
5,12.515,1.5
5,12.521,1.5
5,12.527,1.5
5,12.533,1.5
5,12.539,1.5
5,12.545,1.5
5,12.551,1.5
5,12.557,1.5
5,12.563,1.5
5,12.569,1.5
5,12.575,1.5
5,12.581,1.5
5,12.587,1.5
5,12.593,1.5
5,12.599,1.5
5,12.605,1.5
5,12.611,1.5
5,12.617,1.5
5,12.623,1.5
5,12.629,1.5
5,12.635,1.5
5,12.641,1.5
5,12.647,1.5
5,12.653,1.5
5,12.659,1.5
5,12.665,1.5
5,12.671,1.5
5,12.677,1.5
5,12.683,1.5
5,12.689,1.5
5,12.695,1.5
5,12.701,1.5
5,12.707,1.5
5,12.713,1.5
5,12.719,1.5
5,12.725,1.5
5,12.731,1.5
5,12.737,1.5
5,12.743,1.5
5,12.749,1.5
5,12.755,1.5
5,12.761,1.5
5,12.767,1.5
5,12.773,1.5
5,12.779,1.5
5,12.785,1.5
5,12.791,1.5
5,12.797,1.5
5,12.803,1.5
5,12.809,1.5
5,12.815,1.5
5,12.821,1.5
5,12.827,1.5
5,12.833,1.5
5,12.839,1.5
5,12.845,1.5
5,12.851,1.5
5,12.857,1.5
5,12.863,1.5
5,12.869,1.5
5,12.875,1.5
5,12.881,1.5
5,12.887,1.5
5,12.893,1.5
5,12.899,1.5
5,12.905,1.5
5,12.911,1.5
5,12.917,1.5
5,12.923,1.5
5,12.929,1.5
5,12.935,1.5
5,12.941,1.5
5,12.947,1.5
5,12.953,1.5
5,12.959,1.5
5,12.965,1.5
5,12.971,1.5
5,12.977,1.5
5,12.983,1.5
5,12.989,1.5
5,12.995,1.5
5,13.001,1.5
5,13.007,1.5
5,13.013,1.5
5,13.019,1.5
5,13.025,1.5
5,13.031,1.5
5,13.037,1.5
5,13.043,1.5
5,13.049,1.5
5,13.055,1.5
5,13.061,1.5
5,13.067,1.5
5,13.073,1.5
5,13.079,1.5
5,13.085,1.5
5,13.091,1.5
5,13.097,1.5
5,13.103,1.5
5,13.109,1.5
5,13.115,1.5
5,13.121,1.5
5,13.127,1.5
5,13.133,1.5
5,13.139,1.5
5,13.145,1.5
5,13.151,1.5
5,13.157,1.5
5,13.163,1.5
5,13.169,1.5
5,13.175,1.5
5,13.181,1.5
5,13.187,1.5
5,13.193,1.5
5,13.199,1.5
5,13.205,1.5
5,13.211,1.5
5,13.217,1.5
5,13.223,1.5
5,13.229,1.5
5,13.235,1.5
5,13.241,1.5
5,13.247,1.5
5,13.253,1.5
5,13.259,1.5
5,13.265,1.5
5,13.271,1.5
5,13.277,1.5
5,13.283,1.5
5,13.289,1.5
5,13.295,1.5
5,13.301,1.5
5,13.307,1.5
5,13.313,1.5
5,13.319,1.5
5,13.325,1.5
5,13.331,1.5
5,13.337,1.5
5,13.343,1.5
5,13.349,1.5
5,13.355,1.5
5,13.361,1.5
5,13.367,1.5
5,13.373,1.5
5,13.379,1.5
5,13.385,1.5
5,13.391,1.5
5,13.397,1.5
5,13.403,1.5
5,13.409,1.5
5,13.415,1.5
5,13.421,1.5
5,13.427,1.5
5,13.433,1.5
5,13.439,1.5
5,13.445,1.5
5,13.451,1.5
5,13.457,1.5
5,13.463,1.5
5,13.469,1.5
5,13.475,1.5
5,13.481,1.5
5,13.487,1.5
5,13.493,1.5
5,13.499,1.5
5,13.505,1.5
5,13.511,1.5
5,13.517,1.5
5,13.523,1.5
5,13.529,1.5
5,13.535,1.5
5,13.541,1.5
5,13.547,1.5
5,13.553,1.5
5,13.559,1.5
5,13.565,1.5
5,13.571,1.5
5,13.577,1.5
5,13.583,1.5
5,13.589,1.5
5,13.595,1.5
5,13.601,1.5
5,13.607,1.5
5,13.613,1.5
5,13.619,1.5
5,13.625,1.5
5,13.631,1.5
5,13.637,1.5
5,13.643,1.5
5,13.649,1.5
5,13.655,1.5
5,13.661,1.5
5,13.667,1.5
5,13.673,1.5
5,13.679,1.5
5,13.685,1.5
5,13.691,1.5
5,13.697,1.5
5,13.703,1.5
5,13.709,1.5
5,13.715,1.5
5,13.721,1.5
5,13.727,1.5
5,13.733,1.5
5,13.739,1.5
5,13.745,1.5
5,13.751,1.5
5,13.757,1.5
5,13.763,1.5
5,13.769,1.5
5,13.775,1.5
5,13.781,1.5
5,13.787,1.5
5,13.793,1.5
5,13.799,1.5
5,13.805,1.5
5,13.811,1.5
5,13.817,1.5
5,13.823,1.5
5,13.829,1.5
5,13.835,1.5
5,13.841,1.5
5,13.847,1.5
5,13.853,1.5
5,13.859,1.5
5,13.865,1.5
5,13.871,1.5
5,13.877,1.5
5,13.883,1.5
5,13.889,1.5
5,13.895,1.5
5,13.901,1.5
5,13.907,1.5
5,13.913,1.5
5,13.919,1.5
5,13.925,1.5
5,13.931,1.5
5,13.937,1.5
5,13.943,1.5
5,13.949,1.5
5,13.955,1.5
5,13.961,1.5
5,13.967,1.5
5,13.973,1.5
5,13.979,1.5
5,13.985,1.5
5,13.991,1.5
5,13.997,1.5
5,14.003,1.5
5,14.009,1.5
5,14.015,1.5
5,14.021,1.5
5,14.027,1.5
5,14.033,1.5
5,14.039,1.5
5,14.045,1.5
5,14.051,1.5
5,14.057,1.5
5,14.063,1.5
5,14.069,1.5
5,14.075,1.5
5,14.081,1.5
5,14.087,1.5
5,14.093,1.5
5,14.099,1.5
5,14.105,1.5
5,14.111,1.5
5,14.117,1.5
5,14.123,1.5
5,14.129,1.5
5,14.135,1.5
5,14.141,1.5
5,14.147,1.5
5,14.153,1.5
5,14.159,1.5
5,14.165,1.5
5,14.171,1.5
5,14.177,1.5
5,14.183,1.5
5,14.189,1.5
5,14.195,1.5
5,14.202,1.5
5,14.208,1.5
5,14.214,1.5
5,14.22,1.5
5,14.226,1.5
5,14.232,1.5
5,14.238,1.5
5,14.244,1.5
5,14.25,1.5
5,14.256,1.5
5,14.262,1.5
5,14.268,1.5
5,14.274,1.5
5,14.28,1.5
5,14.286,1.5
5,14.292,1.5
5,14.298,1.5
5,14.304,1.5
5,14.31,1.5
5,14.316,1.5
5,14.322,1.5
5,14.328,1.5
5,14.334,1.5
5,14.34,1.5
5,14.346,1.5
5,14.352,1.5
5,14.358,1.5
5,14.364,1.5
5,14.37,1.5
5,14.376,1.5
5,14.382,1.5
5,14.388,1.5
5,14.394,1.5
5,14.4,1.5
5,14.406,1.5
5,14.412,1.5
5,14.418,1.5
5,14.424,1.5
5,14.43,1.5
5,14.436,1.5
5,14.442,1.5
5,14.448,1.5
5,14.454,1.5
5,14.46,1.5
5,14.466,1.5
5,14.472,1.5
5,14.478,1.5
5,14.484,1.5
5,14.49,1.5
5,14.496,1.5
5,14.502,1.5
5,14.508,1.5
5,14.514,1.5
5,14.52,1.5
5,14.526,1.5
5,14.532,1.5
5,14.538,1.5
5,14.544,1.5
5,14.55,1.5
5,14.556,1.5
5,14.562,1.5
5,14.568,1.5
5,14.574,1.5
5,14.58,1.5
5,14.586,1.5
5,14.592,1.5
5,14.598,1.5
5,14.604,1.5
5,14.61,1.5
5,14.616,1.5
5,14.622,1.5
5,14.628,1.5
5,14.634,1.5
5,14.64,1.5
5,14.646,1.5
5,14.652,1.5
5,14.658,1.5
5,14.664,1.5
5,14.67,1.5
5,14.676,1.5
5,14.682,1.5
5,14.688,1.5
5,14.694,1.5
5,14.7,1.5
5,14.706,1.5
5,14.712,1.5
5,14.718,1.5
5,14.724,1.5
5,14.73,1.5
5,14.736,1.5
5,14.742,1.5
5,14.748,1.5
5,14.754,1.5
5,14.76,1.5
5,14.766,1.5
5,14.772,1.5
5,14.778,1.5
5,14.784,1.5
5,14.79,1.5
5,14.796,1.5
5,14.802,1.5
5,14.808,1.5
5,14.814,1.5
5,14.82,1.5
5,14.826,1.5
5,14.832,1.5
5,14.838,1.5
5,14.844,1.5
5,14.85,1.5
5,14.856,1.5
5,14.862,1.5
5,14.868,1.5
5,14.874,1.5
5,14.88,1.5
5,14.886,1.5
5,14.892,1.5
5,14.898,1.5
5,14.904,1.5
5,14.91,1.5
5,14.916,1.5
5,14.922,1.5
5,14.928,1.5
5,14.934,1.5
5,14.94,1.5
5,14.946,1.5
5,14.952,1.5
5,14.958,1.5
5,14.964,1.5
5,14.97,1.5
5,14.976,1.5
5,14.982,1.5
5,14.988,1.5
5,14.994,1.5
5,15,1.5
5,15.006,1.5
5,15.012,1.5
5,15.018,1.5
5,15.024,1.5
5,15.03,1.5
5,15.036,1.5
5,15.042,1.5
5,15.048,1.5
5,15.054,1.5
5,15.06,1.5
5,15.066,1.5
5,15.072,1.5
5,15.078,1.5
5,15.084,1.5
5,15.09,1.5
5,15.096,1.5
5,15.102,1.5
5,15.108,1.5
5,15.114,1.5
5,15.12,1.5
5,15.126,1.5
5,15.132,1.5
5,15.138,1.5
5,15.144,1.5
5,15.15,1.5
5,15.156,1.5
5,15.162,1.5
5,15.168,1.5
5,15.174,1.5
5,15.18,1.5
5,15.186,1.5
5,15.192,1.5
5,15.198,1.5
5,15.204,1.5
5,15.21,1.5
5,15.216,1.5
5,15.222,1.5
5,15.228,1.5
5,15.234,1.5
5,15.24,1.5
5,15.246,1.5
5,15.252,1.5
5,15.258,1.5
5,15.264,1.5
5,15.27,1.5
5,15.276,1.5
5,15.282,1.5
5,15.288,1.5
5,15.294,1.5
5,15.3,1.5
5,15.306,1.5
5,15.312,1.5
5,15.318,1.5
5,15.324,1.5
5,15.33,1.5
5,15.336,1.5
5,15.342,1.5
5,15.348,1.5
5,15.354,1.5
5,15.36,1.5
5,15.366,1.5
5,15.372,1.5
5,15.378,1.5
5,15.384,1.5
5,15.39,1.5
5,15.396,1.5
5,15.402,1.5
5,15.408,1.5
5,15.414,1.5
5,15.42,1.5
5,15.426,1.5
5,15.432,1.5
5,15.438,1.5
5,15.444,1.5
5,15.45,1.5
5,15.456,1.5
5,15.462,1.5
5,15.468,1.5
5,15.474,1.5
5,15.48,1.5
5,15.486,1.5
5,15.492,1.5
5,15.498,1.5
5,15.504,1.5
5,15.51,1.5
5,15.516,1.5
5,15.522,1.5
5,15.528,1.5
5,15.534,1.5
5,15.54,1.5
5,15.546,1.5
5,15.552,1.5
5,15.558,1.5
5,15.564,1.5
5,15.57,1.5
5,15.576,1.5
5,15.582,1.5
5,15.588,1.5
5,15.594,1.5
5,15.6,1.5
5,15.606,1.5
5,15.612,1.5
5,15.618,1.5
5,15.624,1.5
5,15.63,1.5
5,15.636,1.5
5,15.642,1.5
5,15.648,1.5
5,15.654,1.5
5,15.66,1.5
5,15.666,1.5
5,15.672,1.5
5,15.678,1.5
5,15.684,1.5
5,15.69,1.5
5,15.696,1.5
5,15.702,1.5
5,15.708,1.5
5,15.714,1.5
5,15.72,1.5
5,15.726,1.5
5,15.732,1.5
5,15.738,1.5
5,15.744,1.5
5,15.75,1.5
5,15.756,1.5
5,15.762,1.5
5,15.768,1.5
5,15.774,1.5
5,15.78,1.5
5,15.786,1.5
5,15.792,1.5
5,15.798,1.5
5,15.804,1.5
5,15.81,1.5
5,15.816,1.5
5,15.822,1.5
5,15.828,1.5
5,15.834,1.5
5,15.84,1.5
5,15.846,1.5
5,15.852,1.5
5,15.858,1.5
5,15.864,1.5
5,15.87,1.5
5,15.876,1.5
5,15.882,1.5
5,15.888,1.5
5,15.894,1.5
5,15.9,1.5
5,15.906,1.5
5,15.912,1.5
5,15.918,1.5
5,15.924,1.5
5,15.93,1.5
5,15.936,1.5
5,15.942,1.5
5,15.948,1.5
5,15.954,1.5
5,15.96,1.5
5,15.966,1.5
5,15.972,1.5
5,15.978,1.5
5,15.984,1.5
5,15.99,1.5
5,15.996,1.5
5,16.002,1.5
5,16.008,1.5
5,16.014,1.5
5,16.02,1.5
5,16.026,1.5
5,16.032,1.5
5,16.038,1.5
5,16.044,1.5
5,16.05,1.5
5,16.056,1.5
5,16.062,1.5
5,16.068,1.5
5,16.074,1.5
5,16.08,1.5
5,16.086,1.5
5,16.092,1.5
5,16.098,1.5
5,16.104,1.5
5,16.11,1.5
5,16.116,1.5
5,16.122,1.5
5,16.128,1.5
5,16.134,1.5
5,16.14,1.5
5,16.146,1.5
5,16.152,1.5
5,16.158,1.5
5,16.164,1.5
5,16.17,1.5
5,16.176,1.5
5,16.182,1.5
5,16.188,1.5
5,16.194,1.5
5,16.2,1.5
5,16.206,1.5
5,16.212,1.5
5,16.218,1.5
5,16.224,1.5
5,16.23,1.5
5,16.236,1.5
5,16.242,1.5
5,16.248,1.5
5,16.254,1.5
5,16.26,1.5
5,16.266,1.5
5,16.272,1.5
5,16.278,1.5
5,16.284,1.5
5,16.29,1.5
5,16.296,1.5
5,16.302,1.5
5,16.308,1.5
5,16.314,1.5
5,16.32,1.5
5,16.326,1.5
5,16.332,1.5
5,16.338,1.5
5,16.344,1.5
5,16.35,1.5
5,16.356,1.5
5,16.362,1.5
5,16.368,1.5
5,16.374,1.5
5,16.38,1.5
5,16.386,1.5
5,16.392,1.5
5,16.398,1.5
5,16.404,1.5
5,16.41,1.5
5,16.416,1.5
5,16.422,1.5
5,16.428,1.5
5,16.434,1.5
5,16.44,1.5
5,16.446,1.5
5,16.452,1.5
5,16.458,1.5
5,16.464,1.5
5,16.47,1.5
5,16.476,1.5
5,16.482,1.5
5,16.488,1.5
5,16.494,1.5
5,16.5,1.5
5,16.506,1.5
5,16.512,1.5
5,16.518,1.5
5,16.524,1.5
5,16.53,1.5
5,16.536,1.5
5,16.542,1.5
5,16.548,1.5
5,16.554,1.5
5,16.56,1.5
5,16.566,1.5
5,16.572,1.5
5,16.578,1.5
5,16.584,1.5
5,16.59,1.5
5,16.596,1.5
5,16.602,1.5
5,16.608,1.5
5,16.614,1.5
5,16.62,1.5
5,16.626,1.5
5,16.632,1.5
5,16.638,1.5
5,16.644,1.5
5,16.65,1.5
5,16.656,1.5
5,16.662,1.5
5,16.668,1.5
5,16.674,1.5
5,16.68,1.5
5,16.686,1.5
5,16.692,1.5
5,16.698,1.5
5,16.704,1.5
5,16.71,1.5
5,16.716,1.5
5,16.722,1.5
5,16.728,1.5
5,16.734,1.5
5,16.74,1.5
5,16.746,1.5
5,16.752,1.5
5,16.758,1.5
5,16.764,1.5
5,16.77,1.5
5,16.776,1.5
5,16.782,1.5
5,16.788,1.5
5,16.794,1.5
5,16.8,1.5
5,16.806,1.5
5,16.812,1.5
5,16.818,1.5
5,16.824,1.5
5,16.83,1.5
5,16.836,1.5
5,16.842,1.5
5,16.848,1.5
5,16.854,1.5
5,16.86,1.5
5,16.866,1.5
5,16.872,1.5
5,16.878,1.5
5,16.884,1.5
5,16.89,1.5
5,16.896,1.5
5,16.902,1.5
5,16.908,1.5
5,16.914,1.5
5,16.92,1.5
5,16.926,1.5
5,16.932,1.5
5,16.938,1.5
5,16.944,1.5
5,16.95,1.5
5,16.956,1.5
5,16.962,1.5
5,16.968,1.5
5,16.974,1.5
5,16.98,1.5
5,16.986,1.5
5,16.992,1.5
5,16.998,1.5
5,17.004,1.5
5,17.01,1.5
5,17.016,1.5
5,17.022,1.5
5,17.028,1.5
5,17.034,1.5
5,17.04,1.5
5,17.046,1.5
5,17.052,1.5
5,17.058,1.5
5,17.064,1.5
5,17.07,1.5
5,17.076,1.5
5,17.082,1.5
5,17.088,1.5
5,17.094,1.5
5,17.1,1.5
5,17.106,1.5
5,17.112,1.5
5,17.118,1.5
5,17.124,1.5
5,17.13,1.5
5,17.136,1.5
5,17.142,1.5
5,17.148,1.5
5,17.154,1.5
5,17.16,1.5
5,17.166,1.5
5,17.172,1.5
5,17.178,1.5
5,17.184,1.5
5,17.19,1.5
5,17.196,1.5
5,17.202,1.5
5,17.208,1.5
5,17.214,1.5
5,17.22,1.5
5,17.226,1.5
5,17.232,1.5
5,17.238,1.5
5,17.244,1.5
5,17.25,1.5
5,17.256,1.5
5,17.262,1.5
5,17.268,1.5
5,17.274,1.5
5,17.28,1.5
5,17.286,1.5
5,17.292,1.5
5,17.298,1.5
5,17.304,1.5
5,17.31,1.5
5,17.316,1.5
5,17.322,1.5
5,17.328,1.5
5,17.334,1.5
5,17.34,1.5
5,17.346,1.5
5,17.352,1.5
5,17.358,1.5
5,17.364,1.5
5,17.37,1.5
5,17.376,1.5
5,17.382,1.5
5,17.388,1.5
5,17.394,1.5
5,17.4,1.5
5,17.406,1.5
5,17.412,1.5
5,17.418,1.5
5,17.424,1.5
5,17.43,1.5
5,17.436,1.5
5,17.442,1.5
5,17.448,1.5
5,17.454,1.5
5,17.46,1.5
5,17.466,1.5
5,17.472,1.5
5,17.478,1.5
5,17.484,1.5
5,17.49,1.5
5,17.496,1.5
5,17.502,1.5
5,17.508,1.5
5,17.514,1.5
5,17.52,1.5
5,17.526,1.5
5,17.532,1.5
5,17.538,1.5
5,17.544,1.5
5,17.55,1.5
5,17.556,1.5
5,17.562,1.5
5,17.568,1.5
5,17.574,1.5
5,17.58,1.5
5,17.586,1.5
5,17.592,1.5
5,17.598,1.5
5,17.604,1.5
5,17.61,1.5
5,17.616,1.5
5,17.622,1.5
5,17.628,1.5
5,17.634,1.5
5,17.64,1.5
5,17.646,1.5
5,17.652,1.5
5,17.658,1.5
5,17.664,1.5
5,17.67,1.5
5,17.676,1.5
5,17.682,1.5
5,17.688,1.5
5,17.694,1.5
5,17.7,1.5
5,17.706,1.5
5,17.712,1.5
5,17.718,1.5
5,17.724,1.5
5,17.73,1.5
5,17.736,1.5
5,17.742,1.5
5,17.748,1.5
5,17.754,1.5
5,17.76,1.5
5,17.766,1.5
5,17.772,1.5
5,17.778,1.5
5,17.784,1.5
5,17.79,1.5
5,17.796,1.5
5,17.802,1.5
5,17.808,1.5
5,17.814,1.5
5,17.82,1.5
5,17.826,1.5
5,17.832,1.5
5,17.838,1.5
5,17.844,1.5
5,17.85,1.5
5,17.856,1.5
5,17.862,1.5
5,17.868,1.5
5,17.874,1.5
5,17.88,1.5
5,17.886,1.5
5,17.892,1.5
5,17.898,1.5
5,17.904,1.5
5,17.91,1.5
5,17.916,1.5
5,17.922,1.5
5,17.928,1.5
5,17.934,1.5
5,17.94,1.5
5,17.946,1.5
5,17.952,1.5
5,17.958,1.5
5,17.964,1.5
5,17.97,1.5
5,17.976,1.5
5,17.982,1.5
5,17.988,1.5
5,17.994,1.5
5,18,1.5
5,18.006,1.5
5,18.012,1.5
5,18.018,1.5
5,18.024,1.5
5,18.03,1.5
5,18.036,1.5
5,18.042,1.5
5,18.048,1.5
5,18.054,1.5
5,18.06,1.5
5,18.066,1.5
5,18.072,1.5
5,18.078,1.5
5,18.084,1.5
5,18.09,1.5
5,18.096,1.5
5,18.102,1.5
5,18.108,1.5
5,18.114,1.5
5,18.12,1.5
5,18.126,1.5
5,18.132,1.5
5,18.138,1.5
5,18.144,1.5
5,18.15,1.5
5,18.156,1.5
5,18.162,1.5
5,18.168,1.5
5,18.174,1.5
5,18.18,1.5
5,18.186,1.5
5,18.192,1.5
5,18.198,1.5
5,18.204,1.5
5,18.21,1.5
5,18.216,1.5
5,18.222,1.5
5,18.228,1.5
5,18.234,1.5
5,18.24,1.5
5,18.246,1.5
5,18.252,1.5
5,18.258,1.5
5,18.264,1.5
5,18.27,1.5
5,18.276,1.5
5,18.282,1.5
5,18.288,1.5
5,18.294,1.5
5,18.3,1.5
5,18.306,1.5
5,18.312,1.5
5,18.318,1.5
5,18.324,1.5
5,18.33,1.5
5,18.336,1.5
5,18.342,1.5
5,18.348,1.5
5,18.354,1.5
5,18.36,1.5
5,18.366,1.5
5,18.372,1.5
5,18.378,1.5
5,18.384,1.5
5,18.39,1.5
5,18.396,1.5
5,18.402,1.5
5,18.408,1.5
5,18.414,1.5
5,18.42,1.5
5,18.426,1.5
5,18.432,1.5
5,18.438,1.5
5,18.444,1.5
5,18.45,1.5
5,18.456,1.5
5,18.462,1.5
5,18.468,1.5
5,18.474,1.5
5,18.48,1.5
5,18.486,1.5
5,18.492,1.5
5,18.498,1.5
5,18.504,1.5
5,18.51,1.5
5,18.516,1.5
5,18.522,1.5
5,18.528,1.5
5,18.534,1.5
5,18.54,1.5
5,18.546,1.5
5,18.552,1.5
5,18.558,1.5
5,18.564,1.5
5,18.57,1.5
5,18.576,1.5
5,18.582,1.5
5,18.588,1.5
5,18.594,1.5
5,18.6,1.5
5,18.606,1.5
5,18.612,1.5
5,18.618,1.5
5,18.624,1.5
5,18.63,1.5
5,18.636,1.5
5,18.642,1.5
5,18.648,1.5
5,18.654,1.5
5,18.66,1.5
5,18.666,1.5
5,18.672,1.5
5,18.678,1.5
5,18.684,1.5
5,18.69,1.5
5,18.696,1.5
5,18.702,1.5
5,18.708,1.5
5,18.714,1.5
5,18.72,1.5
5,18.726,1.5
5,18.732,1.5
5,18.738,1.5
5,18.744,1.5
5,18.75,1.5
5,18.756,1.5
5,18.762,1.5
5,18.768,1.5
5,18.774,1.5
5,18.78,1.5
5,18.786,1.5
5,18.792,1.5
5,18.798,1.5
5,18.804,1.5
5,18.81,1.5
5,18.816,1.5
5,18.822,1.5
5,18.828,1.5
5,18.834,1.5
5,18.84,1.5
5,18.846,1.5
5,18.852,1.5
5,18.858,1.5
5,18.864,1.5
5,18.87,1.5
5,18.876,1.5
5,18.882,1.5
5,18.888,1.5
5,18.894,1.5
5,18.9,1.5
