   2.0000000e+00   2.0000000e+00   1.5000000e+00
   2.0545455e+00   2.0000000e+00   1.5000000e+00
   2.1090909e+00   2.0000000e+00   1.5000000e+00
   2.1636364e+00   2.0000000e+00   1.5000000e+00
   2.2181818e+00   2.0000000e+00   1.5000000e+00
   2.2727273e+00   2.0000000e+00   1.5000000e+00
   2.3272727e+00   2.0000000e+00   1.5000000e+00
   2.3818182e+00   2.0000000e+00   1.5000000e+00
   2.4363636e+00   2.0000000e+00   1.5000000e+00
   2.4909091e+00   2.0000000e+00   1.5000000e+00
   2.5454545e+00   2.0000000e+00   1.5000000e+00
   2.6000000e+00   2.0000000e+00   1.5000000e+00
   2.6545455e+00   2.0000000e+00   1.5000000e+00
   2.7090909e+00   2.0000000e+00   1.5000000e+00
   2.7636364e+00   2.0000000e+00   1.5000000e+00
   2.8181818e+00   2.0000000e+00   1.5000000e+00
   2.8727273e+00   2.0000000e+00   1.5000000e+00
   2.9272727e+00   2.0000000e+00   1.5000000e+00
   2.9818182e+00   2.0000000e+00   1.5000000e+00
   3.0363636e+00   2.0000000e+00   1.5000000e+00
   3.0909091e+00   2.0000000e+00   1.5000000e+00
   3.1454545e+00   2.0000000e+00   1.5000000e+00
   3.2000000e+00   2.0000000e+00   1.5000000e+00
   3.2545455e+00   2.0000000e+00   1.5000000e+00
   3.3090909e+00   2.0000000e+00   1.5000000e+00
   3.3636364e+00   2.0000000e+00   1.5000000e+00
   3.4181818e+00   2.0000000e+00   1.5000000e+00
   3.4727273e+00   2.0000000e+00   1.5000000e+00
   3.5272727e+00   2.0000000e+00   1.5000000e+00
   3.5818182e+00   2.0000000e+00   1.5000000e+00
   3.6363636e+00   2.0000000e+00   1.5000000e+00
   3.6909091e+00   2.0000000e+00   1.5000000e+00
   3.7454545e+00   2.0000000e+00   1.5000000e+00
   3.8000000e+00   2.0000000e+00   1.5000000e+00
   3.8545455e+00   2.0000000e+00   1.5000000e+00
   3.9090909e+00   2.0000000e+00   1.5000000e+00
   3.9636364e+00   2.0000000e+00   1.5000000e+00
   4.0181818e+00   2.0000000e+00   1.5000000e+00
   4.0727273e+00   2.0000000e+00   1.5000000e+00
   4.1272727e+00   2.0000000e+00   1.5000000e+00
   4.1818182e+00   2.0000000e+00   1.5000000e+00
   4.2363636e+00   2.0000000e+00   1.5000000e+00
   4.2909091e+00   2.0000000e+00   1.5000000e+00
   4.3454545e+00   2.0000000e+00   1.5000000e+00
   4.4000000e+00   2.0000000e+00   1.5000000e+00
   4.4545455e+00   2.0000000e+00   1.5000000e+00
   4.5090909e+00   2.0000000e+00   1.5000000e+00
   4.5636364e+00   2.0000000e+00   1.5000000e+00
   4.6181818e+00   2.0000000e+00   1.5000000e+00
   4.6727273e+00   2.0000000e+00   1.5000000e+00
   4.7272727e+00   2.0000000e+00   1.5000000e+00
   4.7818182e+00   2.0000000e+00   1.5000000e+00
   4.8363636e+00   2.0000000e+00   1.5000000e+00
   4.8909091e+00   2.0000000e+00   1.5000000e+00
   4.9454545e+00   2.0000000e+00   1.5000000e+00
   5.0000000e+00   2.0000000e+00   1.5000000e+00
   5.0545455e+00   2.0000000e+00   1.5000000e+00
   5.1090909e+00   2.0000000e+00   1.5000000e+00
   5.1636364e+00   2.0000000e+00   1.5000000e+00
   5.2181818e+00   2.0000000e+00   1.5000000e+00
   5.2727273e+00   2.0000000e+00   1.5000000e+00
   5.3272727e+00   2.0000000e+00   1.5000000e+00
   5.3818182e+00   2.0000000e+00   1.5000000e+00
   5.4363636e+00   2.0000000e+00   1.5000000e+00
   5.4909091e+00   2.0000000e+00   1.5000000e+00
   5.5454545e+00   2.0000000e+00   1.5000000e+00
   5.6000000e+00   2.0000000e+00   1.5000000e+00
   5.6545455e+00   2.0000000e+00   1.5000000e+00
   5.7090909e+00   2.0000000e+00   1.5000000e+00
   5.7636364e+00   2.0000000e+00   1.5000000e+00
   5.8181818e+00   2.0000000e+00   1.5000000e+00
   5.8727273e+00   2.0000000e+00   1.5000000e+00
   5.9272727e+00   2.0000000e+00   1.5000000e+00
   5.9818182e+00   2.0000000e+00   1.5000000e+00
   6.0363636e+00   2.0000000e+00   1.5000000e+00
   6.0909091e+00   2.0000000e+00   1.5000000e+00
   6.1454545e+00   2.0000000e+00   1.5000000e+00
   6.2000000e+00   2.0000000e+00   1.5000000e+00
   6.2545455e+00   2.0000000e+00   1.5000000e+00
   6.3090909e+00   2.0000000e+00   1.5000000e+00
   6.3636364e+00   2.0000000e+00   1.5000000e+00
   6.4181818e+00   2.0000000e+00   1.5000000e+00
   6.4727273e+00   2.0000000e+00   1.5000000e+00
   6.5272727e+00   2.0000000e+00   1.5000000e+00
   6.5818182e+00   2.0000000e+00   1.5000000e+00
   6.6363636e+00   2.0000000e+00   1.5000000e+00
   6.6909091e+00   2.0000000e+00   1.5000000e+00
   6.7454545e+00   2.0000000e+00   1.5000000e+00
   6.8000000e+00   2.0000000e+00   1.5000000e+00
   6.8545455e+00   2.0000000e+00   1.5000000e+00
   6.9090909e+00   2.0000000e+00   1.5000000e+00
   6.9636364e+00   2.0000000e+00   1.5000000e+00
   7.0181818e+00   2.0000000e+00   1.5000000e+00
   7.0727273e+00   2.0000000e+00   1.5000000e+00
   7.1272727e+00   2.0000000e+00   1.5000000e+00
   7.1818182e+00   2.0000000e+00   1.5000000e+00
   7.2363636e+00   2.0000000e+00   1.5000000e+00
   7.2909091e+00   2.0000000e+00   1.5000000e+00
   7.3454545e+00   2.0000000e+00   1.5000000e+00
   7.4000000e+00   2.0000000e+00   1.5000000e+00
   7.4545455e+00   2.0000000e+00   1.5000000e+00
   7.5090909e+00   2.0000000e+00   1.5000000e+00
   7.5636364e+00   2.0000000e+00   1.5000000e+00
   7.6181818e+00   2.0000000e+00   1.5000000e+00
   7.6727273e+00   2.0000000e+00   1.5000000e+00
   7.7272727e+00   2.0000000e+00   1.5000000e+00
   7.7818182e+00   2.0000000e+00   1.5000000e+00
   7.8363636e+00   2.0000000e+00   1.5000000e+00
   7.8909091e+00   2.0000000e+00   1.5000000e+00
   7.9454545e+00   2.0000000e+00   1.5000000e+00
   8.0000000e+00   2.0000000e+00   1.5000000e+00
   8.0000000e+00   2.0000000e+00   1.5000000e+00
   8.0000000e+00   2.0543478e+00   1.5000000e+00
   8.0000000e+00   2.1086957e+00   1.5000000e+00
   8.0000000e+00   2.1630435e+00   1.5000000e+00
   8.0000000e+00   2.2173913e+00   1.5000000e+00
   8.0000000e+00   2.2717391e+00   1.5000000e+00
   8.0000000e+00   2.3260870e+00   1.5000000e+00
   8.0000000e+00   2.3804348e+00   1.5000000e+00
   8.0000000e+00   2.4347826e+00   1.5000000e+00
   8.0000000e+00   2.4891304e+00   1.5000000e+00
   8.0000000e+00   2.5434783e+00   1.5000000e+00
   8.0000000e+00   2.5978261e+00   1.5000000e+00
   8.0000000e+00   2.6521739e+00   1.5000000e+00
   8.0000000e+00   2.7065217e+00   1.5000000e+00
   8.0000000e+00   2.7608696e+00   1.5000000e+00
   8.0000000e+00   2.8152174e+00   1.5000000e+00
   8.0000000e+00   2.8695652e+00   1.5000000e+00
   8.0000000e+00   2.9239130e+00   1.5000000e+00
   8.0000000e+00   2.9782609e+00   1.5000000e+00
   8.0000000e+00   3.0326087e+00   1.5000000e+00
   8.0000000e+00   3.0869565e+00   1.5000000e+00
   8.0000000e+00   3.1413043e+00   1.5000000e+00
   8.0000000e+00   3.1956522e+00   1.5000000e+00
   8.0000000e+00   3.2500000e+00   1.5000000e+00
   8.0000000e+00   3.3043478e+00   1.5000000e+00
   8.0000000e+00   3.3586957e+00   1.5000000e+00
   8.0000000e+00   3.4130435e+00   1.5000000e+00
   8.0000000e+00   3.4673913e+00   1.5000000e+00
   8.0000000e+00   3.5217391e+00   1.5000000e+00
   8.0000000e+00   3.5760870e+00   1.5000000e+00
   8.0000000e+00   3.6304348e+00   1.5000000e+00
   8.0000000e+00   3.6847826e+00   1.5000000e+00
   8.0000000e+00   3.7391304e+00   1.5000000e+00
   8.0000000e+00   3.7934783e+00   1.5000000e+00
   8.0000000e+00   3.8478261e+00   1.5000000e+00
   8.0000000e+00   3.9021739e+00   1.5000000e+00
   8.0000000e+00   3.9565217e+00   1.5000000e+00
   8.0000000e+00   4.0108696e+00   1.5000000e+00
   8.0000000e+00   4.0652174e+00   1.5000000e+00
   8.0000000e+00   4.1195652e+00   1.5000000e+00
   8.0000000e+00   4.1739130e+00   1.5000000e+00
   8.0000000e+00   4.2282609e+00   1.5000000e+00
   8.0000000e+00   4.2826087e+00   1.5000000e+00
   8.0000000e+00   4.3369565e+00   1.5000000e+00
   8.0000000e+00   4.3913043e+00   1.5000000e+00
   8.0000000e+00   4.4456522e+00   1.5000000e+00
   8.0000000e+00   4.5000000e+00   1.5000000e+00
   8.0000000e+00   4.5543478e+00   1.5000000e+00
   8.0000000e+00   4.6086957e+00   1.5000000e+00
   8.0000000e+00   4.6630435e+00   1.5000000e+00
   8.0000000e+00   4.7173913e+00   1.5000000e+00
   8.0000000e+00   4.7717391e+00   1.5000000e+00
   8.0000000e+00   4.8260870e+00   1.5000000e+00
   8.0000000e+00   4.8804348e+00   1.5000000e+00
   8.0000000e+00   4.9347826e+00   1.5000000e+00
   8.0000000e+00   4.9891304e+00   1.5000000e+00
   8.0000000e+00   5.0434783e+00   1.5000000e+00
   8.0000000e+00   5.0978261e+00   1.5000000e+00
   8.0000000e+00   5.1521739e+00   1.5000000e+00
   8.0000000e+00   5.2065217e+00   1.5000000e+00
   8.0000000e+00   5.2608696e+00   1.5000000e+00
   8.0000000e+00   5.3152174e+00   1.5000000e+00
   8.0000000e+00   5.3695652e+00   1.5000000e+00
   8.0000000e+00   5.4239130e+00   1.5000000e+00
   8.0000000e+00   5.4782609e+00   1.5000000e+00
   8.0000000e+00   5.5326087e+00   1.5000000e+00
   8.0000000e+00   5.5869565e+00   1.5000000e+00
   8.0000000e+00   5.6413043e+00   1.5000000e+00
   8.0000000e+00   5.6956522e+00   1.5000000e+00
   8.0000000e+00   5.7500000e+00   1.5000000e+00
   8.0000000e+00   5.8043478e+00   1.5000000e+00
   8.0000000e+00   5.8586957e+00   1.5000000e+00
   8.0000000e+00   5.9130435e+00   1.5000000e+00
   8.0000000e+00   5.9673913e+00   1.5000000e+00
   8.0000000e+00   6.0217391e+00   1.5000000e+00
   8.0000000e+00   6.0760870e+00   1.5000000e+00
   8.0000000e+00   6.1304348e+00   1.5000000e+00
   8.0000000e+00   6.1847826e+00   1.5000000e+00
   8.0000000e+00   6.2391304e+00   1.5000000e+00
   8.0000000e+00   6.2934783e+00   1.5000000e+00
   8.0000000e+00   6.3478261e+00   1.5000000e+00
   8.0000000e+00   6.4021739e+00   1.5000000e+00
   8.0000000e+00   6.4565217e+00   1.5000000e+00
   8.0000000e+00   6.5108696e+00   1.5000000e+00
   8.0000000e+00   6.5652174e+00   1.5000000e+00
   8.0000000e+00   6.6195652e+00   1.5000000e+00
   8.0000000e+00   6.6739130e+00   1.5000000e+00
   8.0000000e+00   6.7282609e+00   1.5000000e+00
   8.0000000e+00   6.7826087e+00   1.5000000e+00
   8.0000000e+00   6.8369565e+00   1.5000000e+00
   8.0000000e+00   6.8913043e+00   1.5000000e+00
   8.0000000e+00   6.9456522e+00   1.5000000e+00
   8.0000000e+00   7.0000000e+00   1.5000000e+00
   8.0000000e+00   7.0543478e+00   1.5000000e+00
   8.0000000e+00   7.1086957e+00   1.5000000e+00
   8.0000000e+00   7.1630435e+00   1.5000000e+00
   8.0000000e+00   7.2173913e+00   1.5000000e+00
   8.0000000e+00   7.2717391e+00   1.5000000e+00
   8.0000000e+00   7.3260870e+00   1.5000000e+00
   8.0000000e+00   7.3804348e+00   1.5000000e+00
   8.0000000e+00   7.4347826e+00   1.5000000e+00
   8.0000000e+00   7.4891304e+00   1.5000000e+00
   8.0000000e+00   7.5434783e+00   1.5000000e+00
   8.0000000e+00   7.5978261e+00   1.5000000e+00
   8.0000000e+00   7.6521739e+00   1.5000000e+00
   8.0000000e+00   7.7065217e+00   1.5000000e+00
   8.0000000e+00   7.7608696e+00   1.5000000e+00
   8.0000000e+00   7.8152174e+00   1.5000000e+00
   8.0000000e+00   7.8695652e+00   1.5000000e+00
   8.0000000e+00   7.9239130e+00   1.5000000e+00
   8.0000000e+00   7.9782609e+00   1.5000000e+00
   8.0000000e+00   8.0326087e+00   1.5000000e+00
   8.0000000e+00   8.0869565e+00   1.5000000e+00
   8.0000000e+00   8.1413043e+00   1.5000000e+00
   8.0000000e+00   8.1956522e+00   1.5000000e+00
   8.0000000e+00   8.2500000e+00   1.5000000e+00
   8.0000000e+00   8.3043478e+00   1.5000000e+00
   8.0000000e+00   8.3586957e+00   1.5000000e+00
   8.0000000e+00   8.4130435e+00   1.5000000e+00
   8.0000000e+00   8.4673913e+00   1.5000000e+00
   8.0000000e+00   8.5217391e+00   1.5000000e+00
   8.0000000e+00   8.5760870e+00   1.5000000e+00
   8.0000000e+00   8.6304348e+00   1.5000000e+00
   8.0000000e+00   8.6847826e+00   1.5000000e+00
   8.0000000e+00   8.7391304e+00   1.5000000e+00
   8.0000000e+00   8.7934783e+00   1.5000000e+00
   8.0000000e+00   8.8478261e+00   1.5000000e+00
   8.0000000e+00   8.9021739e+00   1.5000000e+00
   8.0000000e+00   8.9565217e+00   1.5000000e+00
   8.0000000e+00   9.0108696e+00   1.5000000e+00
   8.0000000e+00   9.0652174e+00   1.5000000e+00
   8.0000000e+00   9.1195652e+00   1.5000000e+00
   8.0000000e+00   9.1739130e+00   1.5000000e+00
   8.0000000e+00   9.2282609e+00   1.5000000e+00
   8.0000000e+00   9.2826087e+00   1.5000000e+00
   8.0000000e+00   9.3369565e+00   1.5000000e+00
   8.0000000e+00   9.3913043e+00   1.5000000e+00
   8.0000000e+00   9.4456522e+00   1.5000000e+00
   8.0000000e+00   9.5000000e+00   1.5000000e+00
   8.0000000e+00   9.5543478e+00   1.5000000e+00
   8.0000000e+00   9.6086957e+00   1.5000000e+00
   8.0000000e+00   9.6630435e+00   1.5000000e+00
   8.0000000e+00   9.7173913e+00   1.5000000e+00
   8.0000000e+00   9.7717391e+00   1.5000000e+00
   8.0000000e+00   9.8260870e+00   1.5000000e+00
   8.0000000e+00   9.8804348e+00   1.5000000e+00
   8.0000000e+00   9.9347826e+00   1.5000000e+00
   8.0000000e+00   9.9891304e+00   1.5000000e+00
   8.0000000e+00   1.0043478e+01   1.5000000e+00
   8.0000000e+00   1.0097826e+01   1.5000000e+00
   8.0000000e+00   1.0152174e+01   1.5000000e+00
   8.0000000e+00   1.0206522e+01   1.5000000e+00
   8.0000000e+00   1.0260870e+01   1.5000000e+00
   8.0000000e+00   1.0315217e+01   1.5000000e+00
   8.0000000e+00   1.0369565e+01   1.5000000e+00
   8.0000000e+00   1.0423913e+01   1.5000000e+00
   8.0000000e+00   1.0478261e+01   1.5000000e+00
   8.0000000e+00   1.0532609e+01   1.5000000e+00
   8.0000000e+00   1.0586957e+01   1.5000000e+00
   8.0000000e+00   1.0641304e+01   1.5000000e+00
   8.0000000e+00   1.0695652e+01   1.5000000e+00
   8.0000000e+00   1.0750000e+01   1.5000000e+00
   8.0000000e+00   1.0804348e+01   1.5000000e+00
   8.0000000e+00   1.0858696e+01   1.5000000e+00
   8.0000000e+00   1.0913043e+01   1.5000000e+00
   8.0000000e+00   1.0967391e+01   1.5000000e+00
   8.0000000e+00   1.1021739e+01   1.5000000e+00
   8.0000000e+00   1.1076087e+01   1.5000000e+00
   8.0000000e+00   1.1130435e+01   1.5000000e+00
   8.0000000e+00   1.1184783e+01   1.5000000e+00
   8.0000000e+00   1.1239130e+01   1.5000000e+00
   8.0000000e+00   1.1293478e+01   1.5000000e+00
   8.0000000e+00   1.1347826e+01   1.5000000e+00
   8.0000000e+00   1.1402174e+01   1.5000000e+00
   8.0000000e+00   1.1456522e+01   1.5000000e+00
   8.0000000e+00   1.1510870e+01   1.5000000e+00
   8.0000000e+00   1.1565217e+01   1.5000000e+00
   8.0000000e+00   1.1619565e+01   1.5000000e+00
   8.0000000e+00   1.1673913e+01   1.5000000e+00
   8.0000000e+00   1.1728261e+01   1.5000000e+00
   8.0000000e+00   1.1782609e+01   1.5000000e+00
   8.0000000e+00   1.1836957e+01   1.5000000e+00
   8.0000000e+00   1.1891304e+01   1.5000000e+00
   8.0000000e+00   1.1945652e+01   1.5000000e+00
   8.0000000e+00   1.2000000e+01   1.5000000e+00
   8.0000000e+00   1.2054348e+01   1.5000000e+00
   8.0000000e+00   1.2108696e+01   1.5000000e+00
   8.0000000e+00   1.2163043e+01   1.5000000e+00
   8.0000000e+00   1.2217391e+01   1.5000000e+00
   8.0000000e+00   1.2271739e+01   1.5000000e+00
   8.0000000e+00   1.2326087e+01   1.5000000e+00
   8.0000000e+00   1.2380435e+01   1.5000000e+00
   8.0000000e+00   1.2434783e+01   1.5000000e+00
   8.0000000e+00   1.2489130e+01   1.5000000e+00
   8.0000000e+00   1.2543478e+01   1.5000000e+00
   8.0000000e+00   1.2597826e+01   1.5000000e+00
   8.0000000e+00   1.2652174e+01   1.5000000e+00
   8.0000000e+00   1.2706522e+01   1.5000000e+00
   8.0000000e+00   1.2760870e+01   1.5000000e+00
   8.0000000e+00   1.2815217e+01   1.5000000e+00
   8.0000000e+00   1.2869565e+01   1.5000000e+00
   8.0000000e+00   1.2923913e+01   1.5000000e+00
   8.0000000e+00   1.2978261e+01   1.5000000e+00
   8.0000000e+00   1.3032609e+01   1.5000000e+00
   8.0000000e+00   1.3086957e+01   1.5000000e+00
   8.0000000e+00   1.3141304e+01   1.5000000e+00
   8.0000000e+00   1.3195652e+01   1.5000000e+00
   8.0000000e+00   1.3250000e+01   1.5000000e+00
   8.0000000e+00   1.3304348e+01   1.5000000e+00
   8.0000000e+00   1.3358696e+01   1.5000000e+00
   8.0000000e+00   1.3413043e+01   1.5000000e+00
   8.0000000e+00   1.3467391e+01   1.5000000e+00
   8.0000000e+00   1.3521739e+01   1.5000000e+00
   8.0000000e+00   1.3576087e+01   1.5000000e+00
   8.0000000e+00   1.3630435e+01   1.5000000e+00
   8.0000000e+00   1.3684783e+01   1.5000000e+00
   8.0000000e+00   1.3739130e+01   1.5000000e+00
   8.0000000e+00   1.3793478e+01   1.5000000e+00
   8.0000000e+00   1.3847826e+01   1.5000000e+00
   8.0000000e+00   1.3902174e+01   1.5000000e+00
   8.0000000e+00   1.3956522e+01   1.5000000e+00
   8.0000000e+00   1.4010870e+01   1.5000000e+00
   8.0000000e+00   1.4065217e+01   1.5000000e+00
   8.0000000e+00   1.4119565e+01   1.5000000e+00
   8.0000000e+00   1.4173913e+01   1.5000000e+00
   8.0000000e+00   1.4228261e+01   1.5000000e+00
   8.0000000e+00   1.4282609e+01   1.5000000e+00
   8.0000000e+00   1.4336957e+01   1.5000000e+00
   8.0000000e+00   1.4391304e+01   1.5000000e+00
   8.0000000e+00   1.4445652e+01   1.5000000e+00
   8.0000000e+00   1.4500000e+01   1.5000000e+00
   8.0000000e+00   1.4554348e+01   1.5000000e+00
   8.0000000e+00   1.4608696e+01   1.5000000e+00
   8.0000000e+00   1.4663043e+01   1.5000000e+00
   8.0000000e+00   1.4717391e+01   1.5000000e+00
   8.0000000e+00   1.4771739e+01   1.5000000e+00
   8.0000000e+00   1.4826087e+01   1.5000000e+00
   8.0000000e+00   1.4880435e+01   1.5000000e+00
   8.0000000e+00   1.4934783e+01   1.5000000e+00
   8.0000000e+00   1.4989130e+01   1.5000000e+00
   8.0000000e+00   1.5043478e+01   1.5000000e+00
   8.0000000e+00   1.5097826e+01   1.5000000e+00
   8.0000000e+00   1.5152174e+01   1.5000000e+00
   8.0000000e+00   1.5206522e+01   1.5000000e+00
   8.0000000e+00   1.5260870e+01   1.5000000e+00
   8.0000000e+00   1.5315217e+01   1.5000000e+00
   8.0000000e+00   1.5369565e+01   1.5000000e+00
   8.0000000e+00   1.5423913e+01   1.5000000e+00
   8.0000000e+00   1.5478261e+01   1.5000000e+00
   8.0000000e+00   1.5532609e+01   1.5000000e+00
   8.0000000e+00   1.5586957e+01   1.5000000e+00
   8.0000000e+00   1.5641304e+01   1.5000000e+00
   8.0000000e+00   1.5695652e+01   1.5000000e+00
   8.0000000e+00   1.5750000e+01   1.5000000e+00
   8.0000000e+00   1.5804348e+01   1.5000000e+00
   8.0000000e+00   1.5858696e+01   1.5000000e+00
   8.0000000e+00   1.5913043e+01   1.5000000e+00
   8.0000000e+00   1.5967391e+01   1.5000000e+00
   8.0000000e+00   1.6021739e+01   1.5000000e+00
   8.0000000e+00   1.6076087e+01   1.5000000e+00
   8.0000000e+00   1.6130435e+01   1.5000000e+00
   8.0000000e+00   1.6184783e+01   1.5000000e+00
   8.0000000e+00   1.6239130e+01   1.5000000e+00
   8.0000000e+00   1.6293478e+01   1.5000000e+00
   8.0000000e+00   1.6347826e+01   1.5000000e+00
   8.0000000e+00   1.6402174e+01   1.5000000e+00
   8.0000000e+00   1.6456522e+01   1.5000000e+00
   8.0000000e+00   1.6510870e+01   1.5000000e+00
   8.0000000e+00   1.6565217e+01   1.5000000e+00
   8.0000000e+00   1.6619565e+01   1.5000000e+00
   8.0000000e+00   1.6673913e+01   1.5000000e+00
   8.0000000e+00   1.6728261e+01   1.5000000e+00
   8.0000000e+00   1.6782609e+01   1.5000000e+00
   8.0000000e+00   1.6836957e+01   1.5000000e+00
   8.0000000e+00   1.6891304e+01   1.5000000e+00
   8.0000000e+00   1.6945652e+01   1.5000000e+00
   8.0000000e+00   1.7000000e+01   1.5000000e+00
   8.0000000e+00   1.7000000e+01   1.5000000e+00
   7.9459459e+00   1.7000000e+01   1.5000000e+00
   7.8918919e+00   1.7000000e+01   1.5000000e+00
   7.8378378e+00   1.7000000e+01   1.5000000e+00
   7.7837838e+00   1.7000000e+01   1.5000000e+00
   7.7297297e+00   1.7000000e+01   1.5000000e+00
   7.6756757e+00   1.7000000e+01   1.5000000e+00
   7.6216216e+00   1.7000000e+01   1.5000000e+00
   7.5675676e+00   1.7000000e+01   1.5000000e+00
   7.5135135e+00   1.7000000e+01   1.5000000e+00
   7.4594595e+00   1.7000000e+01   1.5000000e+00
   7.4054054e+00   1.7000000e+01   1.5000000e+00
   7.3513514e+00   1.7000000e+01   1.5000000e+00
   7.2972973e+00   1.7000000e+01   1.5000000e+00
   7.2432432e+00   1.7000000e+01   1.5000000e+00
   7.1891892e+00   1.7000000e+01   1.5000000e+00
   7.1351351e+00   1.7000000e+01   1.5000000e+00
   7.0810811e+00   1.7000000e+01   1.5000000e+00
   7.0270270e+00   1.7000000e+01   1.5000000e+00
   6.9729730e+00   1.7000000e+01   1.5000000e+00
   6.9189189e+00   1.7000000e+01   1.5000000e+00
   6.8648649e+00   1.7000000e+01   1.5000000e+00
   6.8108108e+00   1.7000000e+01   1.5000000e+00
   6.7567568e+00   1.7000000e+01   1.5000000e+00
   6.7027027e+00   1.7000000e+01   1.5000000e+00
   6.6486486e+00   1.7000000e+01   1.5000000e+00
   6.5945946e+00   1.7000000e+01   1.5000000e+00
   6.5405405e+00   1.7000000e+01   1.5000000e+00
   6.4864865e+00   1.7000000e+01   1.5000000e+00
   6.4324324e+00   1.7000000e+01   1.5000000e+00
   6.3783784e+00   1.7000000e+01   1.5000000e+00
   6.3243243e+00   1.7000000e+01   1.5000000e+00
   6.2702703e+00   1.7000000e+01   1.5000000e+00
   6.2162162e+00   1.7000000e+01   1.5000000e+00
   6.1621622e+00   1.7000000e+01   1.5000000e+00
   6.1081081e+00   1.7000000e+01   1.5000000e+00
   6.0540541e+00   1.7000000e+01   1.5000000e+00
   6.0000000e+00   1.7000000e+01   1.5000000e+00
   5.9459459e+00   1.7000000e+01   1.5000000e+00
   5.8918919e+00   1.7000000e+01   1.5000000e+00
   5.8378378e+00   1.7000000e+01   1.5000000e+00
   5.7837838e+00   1.7000000e+01   1.5000000e+00
   5.7297297e+00   1.7000000e+01   1.5000000e+00
   5.6756757e+00   1.7000000e+01   1.5000000e+00
   5.6216216e+00   1.7000000e+01   1.5000000e+00
   5.5675676e+00   1.7000000e+01   1.5000000e+00
   5.5135135e+00   1.7000000e+01   1.5000000e+00
   5.4594595e+00   1.7000000e+01   1.5000000e+00
   5.4054054e+00   1.7000000e+01   1.5000000e+00
   5.3513514e+00   1.7000000e+01   1.5000000e+00
   5.2972973e+00   1.7000000e+01   1.5000000e+00
   5.2432432e+00   1.7000000e+01   1.5000000e+00
   5.1891892e+00   1.7000000e+01   1.5000000e+00
   5.1351351e+00   1.7000000e+01   1.5000000e+00
   5.0810811e+00   1.7000000e+01   1.5000000e+00
   5.0270270e+00   1.7000000e+01   1.5000000e+00
   4.9729730e+00   1.7000000e+01   1.5000000e+00
   4.9189189e+00   1.7000000e+01   1.5000000e+00
   4.8648649e+00   1.7000000e+01   1.5000000e+00
   4.8108108e+00   1.7000000e+01   1.5000000e+00
   4.7567568e+00   1.7000000e+01   1.5000000e+00
   4.7027027e+00   1.7000000e+01   1.5000000e+00
   4.6486486e+00   1.7000000e+01   1.5000000e+00
   4.5945946e+00   1.7000000e+01   1.5000000e+00
   4.5405405e+00   1.7000000e+01   1.5000000e+00
   4.4864865e+00   1.7000000e+01   1.5000000e+00
   4.4324324e+00   1.7000000e+01   1.5000000e+00
   4.3783784e+00   1.7000000e+01   1.5000000e+00
   4.3243243e+00   1.7000000e+01   1.5000000e+00
   4.2702703e+00   1.7000000e+01   1.5000000e+00
   4.2162162e+00   1.7000000e+01   1.5000000e+00
   4.1621622e+00   1.7000000e+01   1.5000000e+00
   4.1081081e+00   1.7000000e+01   1.5000000e+00
   4.0540541e+00   1.7000000e+01   1.5000000e+00
   4.0000000e+00   1.7000000e+01   1.5000000e+00
   3.9459459e+00   1.7000000e+01   1.5000000e+00
   3.8918919e+00   1.7000000e+01   1.5000000e+00
   3.8378378e+00   1.7000000e+01   1.5000000e+00
   3.7837838e+00   1.7000000e+01   1.5000000e+00
   3.7297297e+00   1.7000000e+01   1.5000000e+00
   3.6756757e+00   1.7000000e+01   1.5000000e+00
   3.6216216e+00   1.7000000e+01   1.5000000e+00
   3.5675676e+00   1.7000000e+01   1.5000000e+00
   3.5135135e+00   1.7000000e+01   1.5000000e+00
   3.4594595e+00   1.7000000e+01   1.5000000e+00
   3.4054054e+00   1.7000000e+01   1.5000000e+00
   3.3513514e+00   1.7000000e+01   1.5000000e+00
   3.2972973e+00   1.7000000e+01   1.5000000e+00
   3.2432432e+00   1.7000000e+01   1.5000000e+00
   3.1891892e+00   1.7000000e+01   1.5000000e+00
   3.1351351e+00   1.7000000e+01   1.5000000e+00
   3.0810811e+00   1.7000000e+01   1.5000000e+00
   3.0270270e+00   1.7000000e+01   1.5000000e+00
   2.9729730e+00   1.7000000e+01   1.5000000e+00
   2.9189189e+00   1.7000000e+01   1.5000000e+00
   2.8648649e+00   1.7000000e+01   1.5000000e+00
   2.8108108e+00   1.7000000e+01   1.5000000e+00
   2.7567568e+00   1.7000000e+01   1.5000000e+00
   2.7027027e+00   1.7000000e+01   1.5000000e+00
   2.6486486e+00   1.7000000e+01   1.5000000e+00
   2.5945946e+00   1.7000000e+01   1.5000000e+00
   2.5405405e+00   1.7000000e+01   1.5000000e+00
   2.4864865e+00   1.7000000e+01   1.5000000e+00
   2.4324324e+00   1.7000000e+01   1.5000000e+00
   2.3783784e+00   1.7000000e+01   1.5000000e+00
   2.3243243e+00   1.7000000e+01   1.5000000e+00
   2.2702703e+00   1.7000000e+01   1.5000000e+00
   2.2162162e+00   1.7000000e+01   1.5000000e+00
   2.1621622e+00   1.7000000e+01   1.5000000e+00
   2.1081081e+00   1.7000000e+01   1.5000000e+00
   2.0540541e+00   1.7000000e+01   1.5000000e+00
   2.0000000e+00   1.7000000e+01   1.5000000e+00
   2.0000000e+00   1.7000000e+01   1.5000000e+00
   2.0000000e+00   1.6945607e+01   1.5000000e+00
   2.0000000e+00   1.6891213e+01   1.5000000e+00
   2.0000000e+00   1.6836820e+01   1.5000000e+00
   2.0000000e+00   1.6782427e+01   1.5000000e+00
   2.0000000e+00   1.6728033e+01   1.5000000e+00
   2.0000000e+00   1.6673640e+01   1.5000000e+00
   2.0000000e+00   1.6619247e+01   1.5000000e+00
   2.0000000e+00   1.6564854e+01   1.5000000e+00
   2.0000000e+00   1.6510460e+01   1.5000000e+00
   2.0000000e+00   1.6456067e+01   1.5000000e+00
   2.0000000e+00   1.6401674e+01   1.5000000e+00
   2.0000000e+00   1.6347280e+01   1.5000000e+00
   2.0000000e+00   1.6292887e+01   1.5000000e+00
   2.0000000e+00   1.6238494e+01   1.5000000e+00
   2.0000000e+00   1.6184100e+01   1.5000000e+00
   2.0000000e+00   1.6129707e+01   1.5000000e+00
   2.0000000e+00   1.6075314e+01   1.5000000e+00
   2.0000000e+00   1.6020921e+01   1.5000000e+00
   2.0000000e+00   1.5966527e+01   1.5000000e+00
   2.0000000e+00   1.5912134e+01   1.5000000e+00
   2.0000000e+00   1.5857741e+01   1.5000000e+00
   2.0000000e+00   1.5803347e+01   1.5000000e+00
   2.0000000e+00   1.5748954e+01   1.5000000e+00
   2.0000000e+00   1.5694561e+01   1.5000000e+00
   2.0000000e+00   1.5640167e+01   1.5000000e+00
   2.0000000e+00   1.5585774e+01   1.5000000e+00
   2.0000000e+00   1.5531381e+01   1.5000000e+00
   2.0000000e+00   1.5476987e+01   1.5000000e+00
   2.0000000e+00   1.5422594e+01   1.5000000e+00
   2.0000000e+00   1.5368201e+01   1.5000000e+00
   2.0000000e+00   1.5313808e+01   1.5000000e+00
   2.0000000e+00   1.5259414e+01   1.5000000e+00
   2.0000000e+00   1.5205021e+01   1.5000000e+00
   2.0000000e+00   1.5150628e+01   1.5000000e+00
   2.0000000e+00   1.5096234e+01   1.5000000e+00
   2.0000000e+00   1.5041841e+01   1.5000000e+00
   2.0000000e+00   1.4987448e+01   1.5000000e+00
   2.0000000e+00   1.4933054e+01   1.5000000e+00
   2.0000000e+00   1.4878661e+01   1.5000000e+00
   2.0000000e+00   1.4824268e+01   1.5000000e+00
   2.0000000e+00   1.4769874e+01   1.5000000e+00
   2.0000000e+00   1.4715481e+01   1.5000000e+00
   2.0000000e+00   1.4661088e+01   1.5000000e+00
   2.0000000e+00   1.4606695e+01   1.5000000e+00
   2.0000000e+00   1.4552301e+01   1.5000000e+00
   2.0000000e+00   1.4497908e+01   1.5000000e+00
   2.0000000e+00   1.4443515e+01   1.5000000e+00
   2.0000000e+00   1.4389121e+01   1.5000000e+00
   2.0000000e+00   1.4334728e+01   1.5000000e+00
   2.0000000e+00   1.4280335e+01   1.5000000e+00
   2.0000000e+00   1.4225941e+01   1.5000000e+00
   2.0000000e+00   1.4171548e+01   1.5000000e+00
   2.0000000e+00   1.4117155e+01   1.5000000e+00
   2.0000000e+00   1.4062762e+01   1.5000000e+00
   2.0000000e+00   1.4008368e+01   1.5000000e+00
   2.0000000e+00   1.3953975e+01   1.5000000e+00
   2.0000000e+00   1.3899582e+01   1.5000000e+00
   2.0000000e+00   1.3845188e+01   1.5000000e+00
   2.0000000e+00   1.3790795e+01   1.5000000e+00
   2.0000000e+00   1.3736402e+01   1.5000000e+00
   2.0000000e+00   1.3682008e+01   1.5000000e+00
   2.0000000e+00   1.3627615e+01   1.5000000e+00
   2.0000000e+00   1.3573222e+01   1.5000000e+00
   2.0000000e+00   1.3518828e+01   1.5000000e+00
   2.0000000e+00   1.3464435e+01   1.5000000e+00
   2.0000000e+00   1.3410042e+01   1.5000000e+00
   2.0000000e+00   1.3355649e+01   1.5000000e+00
   2.0000000e+00   1.3301255e+01   1.5000000e+00
   2.0000000e+00   1.3246862e+01   1.5000000e+00
   2.0000000e+00   1.3192469e+01   1.5000000e+00
   2.0000000e+00   1.3138075e+01   1.5000000e+00
   2.0000000e+00   1.3083682e+01   1.5000000e+00
   2.0000000e+00   1.3029289e+01   1.5000000e+00
   2.0000000e+00   1.2974895e+01   1.5000000e+00
   2.0000000e+00   1.2920502e+01   1.5000000e+00
   2.0000000e+00   1.2866109e+01   1.5000000e+00
   2.0000000e+00   1.2811715e+01   1.5000000e+00
   2.0000000e+00   1.2757322e+01   1.5000000e+00
   2.0000000e+00   1.2702929e+01   1.5000000e+00
   2.0000000e+00   1.2648536e+01   1.5000000e+00
   2.0000000e+00   1.2594142e+01   1.5000000e+00
   2.0000000e+00   1.2539749e+01   1.5000000e+00
   2.0000000e+00   1.2485356e+01   1.5000000e+00
   2.0000000e+00   1.2430962e+01   1.5000000e+00
   2.0000000e+00   1.2376569e+01   1.5000000e+00
   2.0000000e+00   1.2322176e+01   1.5000000e+00
   2.0000000e+00   1.2267782e+01   1.5000000e+00
   2.0000000e+00   1.2213389e+01   1.5000000e+00
   2.0000000e+00   1.2158996e+01   1.5000000e+00
   2.0000000e+00   1.2104603e+01   1.5000000e+00
   2.0000000e+00   1.2050209e+01   1.5000000e+00
   2.0000000e+00   1.1995816e+01   1.5000000e+00
   2.0000000e+00   1.1941423e+01   1.5000000e+00
   2.0000000e+00   1.1887029e+01   1.5000000e+00
   2.0000000e+00   1.1832636e+01   1.5000000e+00
   2.0000000e+00   1.1778243e+01   1.5000000e+00
   2.0000000e+00   1.1723849e+01   1.5000000e+00
   2.0000000e+00   1.1669456e+01   1.5000000e+00
   2.0000000e+00   1.1615063e+01   1.5000000e+00
   2.0000000e+00   1.1560669e+01   1.5000000e+00
   2.0000000e+00   1.1506276e+01   1.5000000e+00
   2.0000000e+00   1.1451883e+01   1.5000000e+00
   2.0000000e+00   1.1397490e+01   1.5000000e+00
   2.0000000e+00   1.1343096e+01   1.5000000e+00
   2.0000000e+00   1.1288703e+01   1.5000000e+00
   2.0000000e+00   1.1234310e+01   1.5000000e+00
   2.0000000e+00   1.1179916e+01   1.5000000e+00
   2.0000000e+00   1.1125523e+01   1.5000000e+00
   2.0000000e+00   1.1071130e+01   1.5000000e+00
   2.0000000e+00   1.1016736e+01   1.5000000e+00
   2.0000000e+00   1.0962343e+01   1.5000000e+00
   2.0000000e+00   1.0907950e+01   1.5000000e+00
   2.0000000e+00   1.0853556e+01   1.5000000e+00
   2.0000000e+00   1.0799163e+01   1.5000000e+00
   2.0000000e+00   1.0744770e+01   1.5000000e+00
   2.0000000e+00   1.0690377e+01   1.5000000e+00
   2.0000000e+00   1.0635983e+01   1.5000000e+00
   2.0000000e+00   1.0581590e+01   1.5000000e+00
   2.0000000e+00   1.0527197e+01   1.5000000e+00
   2.0000000e+00   1.0472803e+01   1.5000000e+00
   2.0000000e+00   1.0418410e+01   1.5000000e+00
   2.0000000e+00   1.0364017e+01   1.5000000e+00
   2.0000000e+00   1.0309623e+01   1.5000000e+00
   2.0000000e+00   1.0255230e+01   1.5000000e+00
   2.0000000e+00   1.0200837e+01   1.5000000e+00
   2.0000000e+00   1.0146444e+01   1.5000000e+00
   2.0000000e+00   1.0092050e+01   1.5000000e+00
   2.0000000e+00   1.0037657e+01   1.5000000e+00
   2.0000000e+00   9.9832636e+00   1.5000000e+00
   2.0000000e+00   9.9288703e+00   1.5000000e+00
   2.0000000e+00   9.8744770e+00   1.5000000e+00
   2.0000000e+00   9.8200837e+00   1.5000000e+00
   2.0000000e+00   9.7656904e+00   1.5000000e+00
   2.0000000e+00   9.7112971e+00   1.5000000e+00
   2.0000000e+00   9.6569038e+00   1.5000000e+00
   2.0000000e+00   9.6025105e+00   1.5000000e+00
   2.0000000e+00   9.5481172e+00   1.5000000e+00
   2.0000000e+00   9.4937238e+00   1.5000000e+00
   2.0000000e+00   9.4393305e+00   1.5000000e+00
   2.0000000e+00   9.3849372e+00   1.5000000e+00
   2.0000000e+00   9.3305439e+00   1.5000000e+00
   2.0000000e+00   9.2761506e+00   1.5000000e+00
   2.0000000e+00   9.2217573e+00   1.5000000e+00
   2.0000000e+00   9.1673640e+00   1.5000000e+00
   2.0000000e+00   9.1129707e+00   1.5000000e+00
   2.0000000e+00   9.0585774e+00   1.5000000e+00
   2.0000000e+00   9.0041841e+00   1.5000000e+00
   2.0000000e+00   8.9497908e+00   1.5000000e+00
   2.0000000e+00   8.8953975e+00   1.5000000e+00
   2.0000000e+00   8.8410042e+00   1.5000000e+00
   2.0000000e+00   8.7866109e+00   1.5000000e+00
   2.0000000e+00   8.7322176e+00   1.5000000e+00
   2.0000000e+00   8.6778243e+00   1.5000000e+00
   2.0000000e+00   8.6234310e+00   1.5000000e+00
   2.0000000e+00   8.5690377e+00   1.5000000e+00
   2.0000000e+00   8.5146444e+00   1.5000000e+00
   2.0000000e+00   8.4602510e+00   1.5000000e+00
   2.0000000e+00   8.4058577e+00   1.5000000e+00
   2.0000000e+00   8.3514644e+00   1.5000000e+00
   2.0000000e+00   8.2970711e+00   1.5000000e+00
   2.0000000e+00   8.2426778e+00   1.5000000e+00
   2.0000000e+00   8.1882845e+00   1.5000000e+00
   2.0000000e+00   8.1338912e+00   1.5000000e+00
   2.0000000e+00   8.0794979e+00   1.5000000e+00
   2.0000000e+00   8.0251046e+00   1.5000000e+00
   2.0000000e+00   7.9707113e+00   1.5000000e+00
   2.0000000e+00   7.9163180e+00   1.5000000e+00
   2.0000000e+00   7.8619247e+00   1.5000000e+00
   2.0000000e+00   7.8075314e+00   1.5000000e+00
   2.0000000e+00   7.7531381e+00   1.5000000e+00
   2.0000000e+00   7.6987448e+00   1.5000000e+00
   2.0000000e+00   7.6443515e+00   1.5000000e+00
   2.0000000e+00   7.5899582e+00   1.5000000e+00
   2.0000000e+00   7.5355649e+00   1.5000000e+00
   2.0000000e+00   7.4811715e+00   1.5000000e+00
   2.0000000e+00   7.4267782e+00   1.5000000e+00
   2.0000000e+00   7.3723849e+00   1.5000000e+00
   2.0000000e+00   7.3179916e+00   1.5000000e+00
   2.0000000e+00   7.2635983e+00   1.5000000e+00
   2.0000000e+00   7.2092050e+00   1.5000000e+00
   2.0000000e+00   7.1548117e+00   1.5000000e+00
   2.0000000e+00   7.1004184e+00   1.5000000e+00
   2.0000000e+00   7.0460251e+00   1.5000000e+00
   2.0000000e+00   6.9916318e+00   1.5000000e+00
   2.0000000e+00   6.9372385e+00   1.5000000e+00
   2.0000000e+00   6.8828452e+00   1.5000000e+00
   2.0000000e+00   6.8284519e+00   1.5000000e+00
   2.0000000e+00   6.7740586e+00   1.5000000e+00
   2.0000000e+00   6.7196653e+00   1.5000000e+00
   2.0000000e+00   6.6652720e+00   1.5000000e+00
   2.0000000e+00   6.6108787e+00   1.5000000e+00
   2.0000000e+00   6.5564854e+00   1.5000000e+00
   2.0000000e+00   6.5020921e+00   1.5000000e+00
   2.0000000e+00   6.4476987e+00   1.5000000e+00
   2.0000000e+00   6.3933054e+00   1.5000000e+00
   2.0000000e+00   6.3389121e+00   1.5000000e+00
   2.0000000e+00   6.2845188e+00   1.5000000e+00
   2.0000000e+00   6.2301255e+00   1.5000000e+00
   2.0000000e+00   6.1757322e+00   1.5000000e+00
   2.0000000e+00   6.1213389e+00   1.5000000e+00
   2.0000000e+00   6.0669456e+00   1.5000000e+00
   2.0000000e+00   6.0125523e+00   1.5000000e+00
   2.0000000e+00   5.9581590e+00   1.5000000e+00
   2.0000000e+00   5.9037657e+00   1.5000000e+00
   2.0000000e+00   5.8493724e+00   1.5000000e+00
   2.0000000e+00   5.7949791e+00   1.5000000e+00
   2.0000000e+00   5.7405858e+00   1.5000000e+00
   2.0000000e+00   5.6861925e+00   1.5000000e+00
   2.0000000e+00   5.6317992e+00   1.5000000e+00
   2.0000000e+00   5.5774059e+00   1.5000000e+00
   2.0000000e+00   5.5230126e+00   1.5000000e+00
   2.0000000e+00   5.4686192e+00   1.5000000e+00
   2.0000000e+00   5.4142259e+00   1.5000000e+00
   2.0000000e+00   5.3598326e+00   1.5000000e+00
   2.0000000e+00   5.3054393e+00   1.5000000e+00
   2.0000000e+00   5.2510460e+00   1.5000000e+00
   2.0000000e+00   5.1966527e+00   1.5000000e+00
   2.0000000e+00   5.1422594e+00   1.5000000e+00
   2.0000000e+00   5.0878661e+00   1.5000000e+00
   2.0000000e+00   5.0334728e+00   1.5000000e+00
   2.0000000e+00   4.9790795e+00   1.5000000e+00
   2.0000000e+00   4.9246862e+00   1.5000000e+00
   2.0000000e+00   4.8702929e+00   1.5000000e+00
   2.0000000e+00   4.8158996e+00   1.5000000e+00
   2.0000000e+00   4.7615063e+00   1.5000000e+00
   2.0000000e+00   4.7071130e+00   1.5000000e+00
   2.0000000e+00   4.6527197e+00   1.5000000e+00
   2.0000000e+00   4.5983264e+00   1.5000000e+00
   2.0000000e+00   4.5439331e+00   1.5000000e+00
   2.0000000e+00   4.4895397e+00   1.5000000e+00
   2.0000000e+00   4.4351464e+00   1.5000000e+00
   2.0000000e+00   4.3807531e+00   1.5000000e+00
   2.0000000e+00   4.3263598e+00   1.5000000e+00
   2.0000000e+00   4.2719665e+00   1.5000000e+00
   2.0000000e+00   4.2175732e+00   1.5000000e+00
   2.0000000e+00   4.1631799e+00   1.5000000e+00
   2.0000000e+00   4.1087866e+00   1.5000000e+00
   2.0000000e+00   4.0543933e+00   1.5000000e+00
   2.0000000e+00   4.0000000e+00   1.5000000e+00
   2.0000000e+00   4.0000000e+00   1.5000000e+00
   2.0545455e+00   4.0000000e+00   1.5000000e+00
   2.1090909e+00   4.0000000e+00   1.5000000e+00
   2.1636364e+00   4.0000000e+00   1.5000000e+00
   2.2181818e+00   4.0000000e+00   1.5000000e+00
   2.2727273e+00   4.0000000e+00   1.5000000e+00
   2.3272727e+00   4.0000000e+00   1.5000000e+00
   2.3818182e+00   4.0000000e+00   1.5000000e+00
   2.4363636e+00   4.0000000e+00   1.5000000e+00
   2.4909091e+00   4.0000000e+00   1.5000000e+00
   2.5454545e+00   4.0000000e+00   1.5000000e+00
   2.6000000e+00   4.0000000e+00   1.5000000e+00
   2.6545455e+00   4.0000000e+00   1.5000000e+00
   2.7090909e+00   4.0000000e+00   1.5000000e+00
   2.7636364e+00   4.0000000e+00   1.5000000e+00
   2.8181818e+00   4.0000000e+00   1.5000000e+00
   2.8727273e+00   4.0000000e+00   1.5000000e+00
   2.9272727e+00   4.0000000e+00   1.5000000e+00
   2.9818182e+00   4.0000000e+00   1.5000000e+00
   3.0363636e+00   4.0000000e+00   1.5000000e+00
   3.0909091e+00   4.0000000e+00   1.5000000e+00
   3.1454545e+00   4.0000000e+00   1.5000000e+00
   3.2000000e+00   4.0000000e+00   1.5000000e+00
   3.2545455e+00   4.0000000e+00   1.5000000e+00
   3.3090909e+00   4.0000000e+00   1.5000000e+00
   3.3636364e+00   4.0000000e+00   1.5000000e+00
   3.4181818e+00   4.0000000e+00   1.5000000e+00
   3.4727273e+00   4.0000000e+00   1.5000000e+00
   3.5272727e+00   4.0000000e+00   1.5000000e+00
   3.5818182e+00   4.0000000e+00   1.5000000e+00
   3.6363636e+00   4.0000000e+00   1.5000000e+00
   3.6909091e+00   4.0000000e+00   1.5000000e+00
   3.7454545e+00   4.0000000e+00   1.5000000e+00
   3.8000000e+00   4.0000000e+00   1.5000000e+00
   3.8545455e+00   4.0000000e+00   1.5000000e+00
   3.9090909e+00   4.0000000e+00   1.5000000e+00
   3.9636364e+00   4.0000000e+00   1.5000000e+00
   4.0181818e+00   4.0000000e+00   1.5000000e+00
   4.0727273e+00   4.0000000e+00   1.5000000e+00
   4.1272727e+00   4.0000000e+00   1.5000000e+00
   4.1818182e+00   4.0000000e+00   1.5000000e+00
   4.2363636e+00   4.0000000e+00   1.5000000e+00
   4.2909091e+00   4.0000000e+00   1.5000000e+00
   4.3454545e+00   4.0000000e+00   1.5000000e+00
   4.4000000e+00   4.0000000e+00   1.5000000e+00
   4.4545455e+00   4.0000000e+00   1.5000000e+00
   4.5090909e+00   4.0000000e+00   1.5000000e+00
   4.5636364e+00   4.0000000e+00   1.5000000e+00
   4.6181818e+00   4.0000000e+00   1.5000000e+00
   4.6727273e+00   4.0000000e+00   1.5000000e+00
   4.7272727e+00   4.0000000e+00   1.5000000e+00
   4.7818182e+00   4.0000000e+00   1.5000000e+00
   4.8363636e+00   4.0000000e+00   1.5000000e+00
   4.8909091e+00   4.0000000e+00   1.5000000e+00
   4.9454545e+00   4.0000000e+00   1.5000000e+00
   5.0000000e+00   4.0000000e+00   1.5000000e+00
   5.0000000e+00   4.0000000e+00   1.5000000e+00
   5.0000000e+00   4.0541872e+00   1.5000000e+00
   5.0000000e+00   4.1083744e+00   1.5000000e+00
   5.0000000e+00   4.1625616e+00   1.5000000e+00
   5.0000000e+00   4.2167488e+00   1.5000000e+00
   5.0000000e+00   4.2709360e+00   1.5000000e+00
   5.0000000e+00   4.3251232e+00   1.5000000e+00
   5.0000000e+00   4.3793103e+00   1.5000000e+00
   5.0000000e+00   4.4334975e+00   1.5000000e+00
   5.0000000e+00   4.4876847e+00   1.5000000e+00
   5.0000000e+00   4.5418719e+00   1.5000000e+00
   5.0000000e+00   4.5960591e+00   1.5000000e+00
   5.0000000e+00   4.6502463e+00   1.5000000e+00
   5.0000000e+00   4.7044335e+00   1.5000000e+00
   5.0000000e+00   4.7586207e+00   1.5000000e+00
   5.0000000e+00   4.8128079e+00   1.5000000e+00
   5.0000000e+00   4.8669951e+00   1.5000000e+00
   5.0000000e+00   4.9211823e+00   1.5000000e+00
   5.0000000e+00   4.9753695e+00   1.5000000e+00
   5.0000000e+00   5.0295567e+00   1.5000000e+00
   5.0000000e+00   5.0837438e+00   1.5000000e+00
   5.0000000e+00   5.1379310e+00   1.5000000e+00
   5.0000000e+00   5.1921182e+00   1.5000000e+00
   5.0000000e+00   5.2463054e+00   1.5000000e+00
   5.0000000e+00   5.3004926e+00   1.5000000e+00
   5.0000000e+00   5.3546798e+00   1.5000000e+00
   5.0000000e+00   5.4088670e+00   1.5000000e+00
   5.0000000e+00   5.4630542e+00   1.5000000e+00
   5.0000000e+00   5.5172414e+00   1.5000000e+00
   5.0000000e+00   5.5714286e+00   1.5000000e+00
   5.0000000e+00   5.6256158e+00   1.5000000e+00
   5.0000000e+00   5.6798030e+00   1.5000000e+00
   5.0000000e+00   5.7339901e+00   1.5000000e+00
   5.0000000e+00   5.7881773e+00   1.5000000e+00
   5.0000000e+00   5.8423645e+00   1.5000000e+00
   5.0000000e+00   5.8965517e+00   1.5000000e+00
   5.0000000e+00   5.9507389e+00   1.5000000e+00
   5.0000000e+00   6.0049261e+00   1.5000000e+00
   5.0000000e+00   6.0591133e+00   1.5000000e+00
   5.0000000e+00   6.1133005e+00   1.5000000e+00
   5.0000000e+00   6.1674877e+00   1.5000000e+00
   5.0000000e+00   6.2216749e+00   1.5000000e+00
   5.0000000e+00   6.2758621e+00   1.5000000e+00
   5.0000000e+00   6.3300493e+00   1.5000000e+00
   5.0000000e+00   6.3842365e+00   1.5000000e+00
   5.0000000e+00   6.4384236e+00   1.5000000e+00
   5.0000000e+00   6.4926108e+00   1.5000000e+00
   5.0000000e+00   6.5467980e+00   1.5000000e+00
   5.0000000e+00   6.6009852e+00   1.5000000e+00
   5.0000000e+00   6.6551724e+00   1.5000000e+00
   5.0000000e+00   6.7093596e+00   1.5000000e+00
   5.0000000e+00   6.7635468e+00   1.5000000e+00
   5.0000000e+00   6.8177340e+00   1.5000000e+00
   5.0000000e+00   6.8719212e+00   1.5000000e+00
   5.0000000e+00   6.9261084e+00   1.5000000e+00
   5.0000000e+00   6.9802956e+00   1.5000000e+00
   5.0000000e+00   7.0344828e+00   1.5000000e+00
   5.0000000e+00   7.0886700e+00   1.5000000e+00
   5.0000000e+00   7.1428571e+00   1.5000000e+00
   5.0000000e+00   7.1970443e+00   1.5000000e+00
   5.0000000e+00   7.2512315e+00   1.5000000e+00
   5.0000000e+00   7.3054187e+00   1.5000000e+00
   5.0000000e+00   7.3596059e+00   1.5000000e+00
   5.0000000e+00   7.4137931e+00   1.5000000e+00
   5.0000000e+00   7.4679803e+00   1.5000000e+00
   5.0000000e+00   7.5221675e+00   1.5000000e+00
   5.0000000e+00   7.5763547e+00   1.5000000e+00
   5.0000000e+00   7.6305419e+00   1.5000000e+00
   5.0000000e+00   7.6847291e+00   1.5000000e+00
   5.0000000e+00   7.7389163e+00   1.5000000e+00
   5.0000000e+00   7.7931034e+00   1.5000000e+00
   5.0000000e+00   7.8472906e+00   1.5000000e+00
   5.0000000e+00   7.9014778e+00   1.5000000e+00
   5.0000000e+00   7.9556650e+00   1.5000000e+00
   5.0000000e+00   8.0098522e+00   1.5000000e+00
   5.0000000e+00   8.0640394e+00   1.5000000e+00
   5.0000000e+00   8.1182266e+00   1.5000000e+00
   5.0000000e+00   8.1724138e+00   1.5000000e+00
   5.0000000e+00   8.2266010e+00   1.5000000e+00
   5.0000000e+00   8.2807882e+00   1.5000000e+00
   5.0000000e+00   8.3349754e+00   1.5000000e+00
   5.0000000e+00   8.3891626e+00   1.5000000e+00
   5.0000000e+00   8.4433498e+00   1.5000000e+00
   5.0000000e+00   8.4975369e+00   1.5000000e+00
   5.0000000e+00   8.5517241e+00   1.5000000e+00
   5.0000000e+00   8.6059113e+00   1.5000000e+00
   5.0000000e+00   8.6600985e+00   1.5000000e+00
   5.0000000e+00   8.7142857e+00   1.5000000e+00
   5.0000000e+00   8.7684729e+00   1.5000000e+00
   5.0000000e+00   8.8226601e+00   1.5000000e+00
   5.0000000e+00   8.8768473e+00   1.5000000e+00
   5.0000000e+00   8.9310345e+00   1.5000000e+00
   5.0000000e+00   8.9852217e+00   1.5000000e+00
   5.0000000e+00   9.0394089e+00   1.5000000e+00
   5.0000000e+00   9.0935961e+00   1.5000000e+00
   5.0000000e+00   9.1477833e+00   1.5000000e+00
   5.0000000e+00   9.2019704e+00   1.5000000e+00
   5.0000000e+00   9.2561576e+00   1.5000000e+00
   5.0000000e+00   9.3103448e+00   1.5000000e+00
   5.0000000e+00   9.3645320e+00   1.5000000e+00
   5.0000000e+00   9.4187192e+00   1.5000000e+00
   5.0000000e+00   9.4729064e+00   1.5000000e+00
   5.0000000e+00   9.5270936e+00   1.5000000e+00
   5.0000000e+00   9.5812808e+00   1.5000000e+00
   5.0000000e+00   9.6354680e+00   1.5000000e+00
   5.0000000e+00   9.6896552e+00   1.5000000e+00
   5.0000000e+00   9.7438424e+00   1.5000000e+00
   5.0000000e+00   9.7980296e+00   1.5000000e+00
   5.0000000e+00   9.8522167e+00   1.5000000e+00
   5.0000000e+00   9.9064039e+00   1.5000000e+00
   5.0000000e+00   9.9605911e+00   1.5000000e+00
   5.0000000e+00   1.0014778e+01   1.5000000e+00
   5.0000000e+00   1.0068966e+01   1.5000000e+00
   5.0000000e+00   1.0123153e+01   1.5000000e+00
   5.0000000e+00   1.0177340e+01   1.5000000e+00
   5.0000000e+00   1.0231527e+01   1.5000000e+00
   5.0000000e+00   1.0285714e+01   1.5000000e+00
   5.0000000e+00   1.0339901e+01   1.5000000e+00
   5.0000000e+00   1.0394089e+01   1.5000000e+00
   5.0000000e+00   1.0448276e+01   1.5000000e+00
   5.0000000e+00   1.0502463e+01   1.5000000e+00
   5.0000000e+00   1.0556650e+01   1.5000000e+00
   5.0000000e+00   1.0610837e+01   1.5000000e+00
   5.0000000e+00   1.0665025e+01   1.5000000e+00
   5.0000000e+00   1.0719212e+01   1.5000000e+00
   5.0000000e+00   1.0773399e+01   1.5000000e+00
   5.0000000e+00   1.0827586e+01   1.5000000e+00
   5.0000000e+00   1.0881773e+01   1.5000000e+00
   5.0000000e+00   1.0935961e+01   1.5000000e+00
   5.0000000e+00   1.0990148e+01   1.5000000e+00
   5.0000000e+00   1.1044335e+01   1.5000000e+00
   5.0000000e+00   1.1098522e+01   1.5000000e+00
   5.0000000e+00   1.1152709e+01   1.5000000e+00
   5.0000000e+00   1.1206897e+01   1.5000000e+00
   5.0000000e+00   1.1261084e+01   1.5000000e+00
   5.0000000e+00   1.1315271e+01   1.5000000e+00
   5.0000000e+00   1.1369458e+01   1.5000000e+00
   5.0000000e+00   1.1423645e+01   1.5000000e+00
   5.0000000e+00   1.1477833e+01   1.5000000e+00
   5.0000000e+00   1.1532020e+01   1.5000000e+00
   5.0000000e+00   1.1586207e+01   1.5000000e+00
   5.0000000e+00   1.1640394e+01   1.5000000e+00
   5.0000000e+00   1.1694581e+01   1.5000000e+00
   5.0000000e+00   1.1748768e+01   1.5000000e+00
   5.0000000e+00   1.1802956e+01   1.5000000e+00
   5.0000000e+00   1.1857143e+01   1.5000000e+00
   5.0000000e+00   1.1911330e+01   1.5000000e+00
   5.0000000e+00   1.1965517e+01   1.5000000e+00
   5.0000000e+00   1.2019704e+01   1.5000000e+00
   5.0000000e+00   1.2073892e+01   1.5000000e+00
   5.0000000e+00   1.2128079e+01   1.5000000e+00
   5.0000000e+00   1.2182266e+01   1.5000000e+00
   5.0000000e+00   1.2236453e+01   1.5000000e+00
   5.0000000e+00   1.2290640e+01   1.5000000e+00
   5.0000000e+00   1.2344828e+01   1.5000000e+00
   5.0000000e+00   1.2399015e+01   1.5000000e+00
   5.0000000e+00   1.2453202e+01   1.5000000e+00
   5.0000000e+00   1.2507389e+01   1.5000000e+00
   5.0000000e+00   1.2561576e+01   1.5000000e+00
   5.0000000e+00   1.2615764e+01   1.5000000e+00
   5.0000000e+00   1.2669951e+01   1.5000000e+00
   5.0000000e+00   1.2724138e+01   1.5000000e+00
   5.0000000e+00   1.2778325e+01   1.5000000e+00
   5.0000000e+00   1.2832512e+01   1.5000000e+00
   5.0000000e+00   1.2886700e+01   1.5000000e+00
   5.0000000e+00   1.2940887e+01   1.5000000e+00
   5.0000000e+00   1.2995074e+01   1.5000000e+00
   5.0000000e+00   1.3049261e+01   1.5000000e+00
   5.0000000e+00   1.3103448e+01   1.5000000e+00
   5.0000000e+00   1.3157635e+01   1.5000000e+00
   5.0000000e+00   1.3211823e+01   1.5000000e+00
   5.0000000e+00   1.3266010e+01   1.5000000e+00
   5.0000000e+00   1.3320197e+01   1.5000000e+00
   5.0000000e+00   1.3374384e+01   1.5000000e+00
   5.0000000e+00   1.3428571e+01   1.5000000e+00
   5.0000000e+00   1.3482759e+01   1.5000000e+00
   5.0000000e+00   1.3536946e+01   1.5000000e+00
   5.0000000e+00   1.3591133e+01   1.5000000e+00
   5.0000000e+00   1.3645320e+01   1.5000000e+00
   5.0000000e+00   1.3699507e+01   1.5000000e+00
   5.0000000e+00   1.3753695e+01   1.5000000e+00
   5.0000000e+00   1.3807882e+01   1.5000000e+00
   5.0000000e+00   1.3862069e+01   1.5000000e+00
   5.0000000e+00   1.3916256e+01   1.5000000e+00
   5.0000000e+00   1.3970443e+01   1.5000000e+00
   5.0000000e+00   1.4024631e+01   1.5000000e+00
   5.0000000e+00   1.4078818e+01   1.5000000e+00
   5.0000000e+00   1.4133005e+01   1.5000000e+00
   5.0000000e+00   1.4187192e+01   1.5000000e+00
   5.0000000e+00   1.4241379e+01   1.5000000e+00
   5.0000000e+00   1.4295567e+01   1.5000000e+00
   5.0000000e+00   1.4349754e+01   1.5000000e+00
   5.0000000e+00   1.4403941e+01   1.5000000e+00
   5.0000000e+00   1.4458128e+01   1.5000000e+00
   5.0000000e+00   1.4512315e+01   1.5000000e+00
   5.0000000e+00   1.4566502e+01   1.5000000e+00
   5.0000000e+00   1.4620690e+01   1.5000000e+00
   5.0000000e+00   1.4674877e+01   1.5000000e+00
   5.0000000e+00   1.4729064e+01   1.5000000e+00
   5.0000000e+00   1.4783251e+01   1.5000000e+00
   5.0000000e+00   1.4837438e+01   1.5000000e+00
   5.0000000e+00   1.4891626e+01   1.5000000e+00
   5.0000000e+00   1.4945813e+01   1.5000000e+00
   5.0000000e+00   1.5000000e+01   1.5000000e+00
